security_code,trade_date,adj_factor,data_date
000001.SZ,2014-08-27,71.054,2023-07-31
000002.SZ,2014-08-27,123.296,2023-07-31
000004.SZ,2014-08-27,4.064,2023-07-31
000005.SZ,2014-08-27,9.268,2023-07-31
000006.SZ,2014-08-27,31.78,2023-07-31
000007.SZ,2014-08-27,5.521,2023-07-31
000008.SZ,2014-08-27,5.064,2023-07-31
000009.SZ,2014-08-27,5.386,2023-07-31
000010.SZ,2014-08-27,10.775,2023-07-31
000011.SZ,2014-08-27,3.317,2023-07-31
000012.SZ,2014-08-27,16.549,2023-07-31
000014.SZ,2014-08-27,5.359,2023-07-31
000016.SZ,2014-08-27,10.282,2023-07-31
000017.SZ,2014-08-27,2.683,2023-07-31
000018.SZ,2014-08-27,1.731,2023-07-31
000019.SZ,2014-08-27,2.446,2023-07-31
000020.SZ,2014-08-27,1.752,2023-07-31
000021.SZ,2014-08-27,13.534,2023-07-31
000022.SZ,2014-08-27,3.748,2023-07-31
000023.SZ,2014-08-27,2.631,2023-07-31
000024.SZ,2014-08-27,7.903,2023-07-31
000025.SZ,2014-08-27,1.883,2023-07-31
000026.SZ,2014-08-27,7.006,2023-07-31
000027.SZ,2014-08-27,8.282,2023-07-31
000028.SZ,2014-08-27,3.836,2023-07-31
000029.SZ,2014-08-27,2.142,2023-07-31
000030.SZ,2014-08-27,2.129,2023-07-31
000031.SZ,2014-08-27,13.728,2023-07-31
000032.SZ,2014-08-27,3.4,2023-07-31
000033.SZ,2014-08-27,1.978,2023-07-31
000034.SZ,2014-08-27,2.961,2023-07-31
000035.SZ,2014-08-27,2.306,2023-07-31
000036.SZ,2014-08-27,6.967,2023-07-31
000037.SZ,2014-08-27,5.659,2023-07-31
000038.SZ,2014-08-27,1.783,2023-07-31
000039.SZ,2014-08-27,22.962,2023-07-31
000040.SZ,2014-08-27,4.272,2023-07-31
000042.SZ,2014-08-27,12.587,2023-07-31
000043.SZ,2014-08-27,7.845,2023-07-31
000045.SZ,2014-08-27,2.928,2023-07-31
000046.SZ,2014-08-27,30.285,2023-07-31
000048.SZ,2014-08-27,5.901,2023-07-31
000049.SZ,2014-08-27,5.254,2023-07-31
000050.SZ,2014-08-27,8.145,2023-07-31
000055.SZ,2014-08-27,5.877,2023-07-31
000056.SZ,2014-08-27,2.341,2023-07-31
000058.SZ,2014-08-27,3.194,2023-07-31
000059.SZ,2014-08-27,1.529,2023-07-31
000060.SZ,2014-08-27,23.473,2023-07-31
000061.SZ,2014-08-27,20.832,2023-07-31
000062.SZ,2014-08-27,4.733,2023-07-31
000063.SZ,2014-08-27,12.821,2023-07-31
000065.SZ,2014-08-27,6.557,2023-07-31
000066.SZ,2014-08-27,10.667,2023-07-31
000068.SZ,2014-08-27,2.28,2023-07-31
000069.SZ,2014-08-27,35.964,2023-07-31
000070.SZ,2014-08-27,1.423,2023-07-31
000078.SZ,2014-08-27,8.047,2023-07-31
000088.SZ,2014-08-27,7.226,2023-07-31
000089.SZ,2014-08-27,6.715,2023-07-31
000090.SZ,2014-08-27,2.883,2023-07-31
000096.SZ,2014-08-27,2.613,2023-07-31
000099.SZ,2014-08-27,3.731,2023-07-31
000100.SZ,2014-08-27,2.756,2023-07-31
000150.SZ,2014-08-27,1.988,2023-07-31
000151.SZ,2014-08-27,2.518,2023-07-31
000153.SZ,2014-08-27,5.508,2023-07-31
000155.SZ,2014-08-27,1.568,2023-07-31
000156.SZ,2014-08-27,0.969,2023-07-31
000157.SZ,2014-08-27,60.304,2023-07-31
000158.SZ,2014-08-27,2.237,2023-07-31
000159.SZ,2014-08-27,3.097,2023-07-31
000301.SZ,2014-08-27,2.111,2023-07-31
000333.SZ,2014-08-27,2.611,2023-07-31
000338.SZ,2014-08-27,4.103,2023-07-31
000400.SZ,2014-08-27,7.453,2023-07-31
000401.SZ,2014-08-27,3.825,2023-07-31
000402.SZ,2014-08-27,30.229,2023-07-31
000403.SZ,2014-08-27,4.217,2023-07-31
000404.SZ,2014-08-27,2.935,2023-07-31
000407.SZ,2014-08-27,10.851,2023-07-31
000408.SZ,2014-08-27,5.585,2023-07-31
000409.SZ,2014-08-27,1.99,2023-07-31
000410.SZ,2014-08-27,2.887,2023-07-31
000411.SZ,2014-08-27,2.537,2023-07-31
000413.SZ,2014-08-27,4.363,2023-07-31
000415.SZ,2014-08-27,10.218,2023-07-31
000416.SZ,2014-08-27,9.283,2023-07-31
000417.SZ,2014-08-27,15.563,2023-07-31
000418.SZ,2014-08-27,2.673,2023-07-31
000419.SZ,2014-08-27,13.545,2023-07-31
000420.SZ,2014-08-27,3.176,2023-07-31
000421.SZ,2014-08-27,6.452,2023-07-31
000422.SZ,2014-08-27,14.745,2023-07-31
000423.SZ,2014-08-27,9.16,2023-07-31
000425.SZ,2014-08-27,12.308,2023-07-31
000426.SZ,2014-08-27,8.409,2023-07-31
000428.SZ,2014-08-27,12.139,2023-07-31
000429.SZ,2014-08-27,2.891,2023-07-31
000430.SZ,2014-08-27,4.575,2023-07-31
000488.SZ,2014-08-27,5.074,2023-07-31
000498.SZ,2014-08-27,2.68,2023-07-31
000501.SZ,2014-08-27,4.751,2023-07-31
000502.SZ,2014-08-27,3.113,2023-07-31
000503.SZ,2014-08-27,7.615,2023-07-31
000504.SZ,2014-08-27,2.103,2023-07-31
000505.SZ,2014-08-27,3.312,2023-07-31
000506.SZ,2014-08-27,2.872,2023-07-31
000507.SZ,2014-08-27,4.442,2023-07-31
000509.SZ,2014-08-27,9.746,2023-07-31
000510.SZ,2014-08-27,10.351,2023-07-31
000511.SZ,2014-08-27,16.201,2023-07-31
000513.SZ,2014-08-27,2.622,2023-07-31
000514.SZ,2014-08-27,4.287,2023-07-31
000516.SZ,2014-08-27,15.547,2023-07-31
000517.SZ,2014-08-27,4.21,2023-07-31
000518.SZ,2014-08-27,8.377,2023-07-31
000519.SZ,2014-08-27,5.6,2023-07-31
000521.SZ,2014-08-27,4.842,2023-07-31
000523.SZ,2014-08-27,5.488,2023-07-31
000524.SZ,2014-08-27,4.553,2023-07-31
000525.SZ,2014-08-27,6.767,2023-07-31
000526.SZ,2014-08-27,2.471,2023-07-31
000528.SZ,2014-08-27,8.181,2023-07-31
000529.SZ,2014-08-27,3.035,2023-07-31
000530.SZ,2014-08-27,4.428,2023-07-31
000531.SZ,2014-08-27,11.037,2023-07-31
000532.SZ,2014-08-27,4.351,2023-07-31
000533.SZ,2014-08-27,2.232,2023-07-31
000534.SZ,2014-08-27,4.025,2023-07-31
000536.SZ,2014-08-27,1.949,2023-07-31
000537.SZ,2014-08-27,5.759,2023-07-31
000538.SZ,2014-08-27,16.509,2023-07-31
000539.SZ,2014-08-27,13.147,2023-07-31
000540.SZ,2014-08-27,19.863,2023-07-31
000541.SZ,2014-08-27,17.892,2023-07-31
000543.SZ,2014-08-27,2.455,2023-07-31
000544.SZ,2014-08-27,2.092,2023-07-31
000545.SZ,2014-08-27,1.598,2023-07-31
000546.SZ,2014-08-27,1.717,2023-07-31
000547.SZ,2014-08-27,10.455,2023-07-31
000548.SZ,2014-08-27,3.443,2023-07-31
000550.SZ,2014-08-27,2.421,2023-07-31
000551.SZ,2014-08-27,7.566,2023-07-31
000552.SZ,2014-08-27,3.035,2023-07-31
000553.SZ,2014-08-27,4.09,2023-07-31
000554.SZ,2014-08-27,4.885,2023-07-31
000555.SZ,2014-08-27,1.553,2023-07-31
000557.SZ,2014-08-27,7.328,2023-07-31
000558.SZ,2014-08-27,3.966,2023-07-31
000559.SZ,2014-08-27,21.227,2023-07-31
000560.SZ,2014-08-27,1.561,2023-07-31
000561.SZ,2014-08-27,2.52,2023-07-31
000562.SZ,2014-08-27,8.783,2023-07-31
000563.SZ,2014-08-27,8.177,2023-07-31
000564.SZ,2014-08-27,2.99,2023-07-31
000565.SZ,2014-08-27,2.976,2023-07-31
000566.SZ,2014-08-27,4.633,2023-07-31
000567.SZ,2014-08-27,3.261,2023-07-31
000568.SZ,2014-08-27,28.824,2023-07-31
000570.SZ,2014-08-27,4.415,2023-07-31
000571.SZ,2014-08-27,7.508,2023-07-31
000572.SZ,2014-08-27,4.611,2023-07-31
000573.SZ,2014-08-27,7.136,2023-07-31
000576.SZ,2014-08-27,6.187,2023-07-31
000581.SZ,2014-08-27,4.02,2023-07-31
000582.SZ,2014-08-27,3.543,2023-07-31
000584.SZ,2014-08-27,4.815,2023-07-31
000585.SZ,2014-08-27,1.277,2023-07-31
000586.SZ,2014-08-27,3.698,2023-07-31
000587.SZ,2014-08-27,6.27,2023-07-31
000589.SZ,2014-08-27,4.93,2023-07-31
000590.SZ,2014-08-27,4.764,2023-07-31
000591.SZ,2014-08-27,5.684,2023-07-31
000592.SZ,2014-08-27,3.19,2023-07-31
000593.SZ,2014-08-27,5.594,2023-07-31
000595.SZ,2014-08-27,2.479,2023-07-31
000596.SZ,2014-08-27,3.237,2023-07-31
000597.SZ,2014-08-27,2.157,2023-07-31
000598.SZ,2014-08-27,23.361,2023-07-31
000599.SZ,2014-08-27,4.809,2023-07-31
000600.SZ,2014-08-27,6.037,2023-07-31
000601.SZ,2014-08-27,8.731,2023-07-31
000603.SZ,2014-08-27,4.103,2023-07-31
000605.SZ,2014-08-27,2.517,2023-07-31
000606.SZ,2014-08-27,6.443,2023-07-31
000607.SZ,2014-08-27,3.735,2023-07-31
000608.SZ,2014-08-27,11.075,2023-07-31
000609.SZ,2014-08-27,5.991,2023-07-31
000610.SZ,2014-08-27,3.003,2023-07-31
000611.SZ,2014-08-27,4.596,2023-07-31
000612.SZ,2014-08-27,9.335,2023-07-31
000613.SZ,2014-08-27,1.43,2023-07-31
000615.SZ,2014-08-27,4.479,2023-07-31
000616.SZ,2014-08-27,28.15,2023-07-31
000617.SZ,2014-08-27,4.736,2023-07-31
000619.SZ,2014-08-27,8.977,2023-07-31
000620.SZ,2014-08-27,1.506,2023-07-31
000622.SZ,2014-08-27,2.525,2023-07-31
000623.SZ,2014-08-27,15.188,2023-07-31
000625.SZ,2014-08-27,6.661,2023-07-31
000626.SZ,2014-08-27,5.262,2023-07-31
000627.SZ,2014-08-27,26.959,2023-07-31
000628.SZ,2014-08-27,3.123,2023-07-31
000629.SZ,2014-08-27,7.789,2023-07-31
000630.SZ,2014-08-27,5.174,2023-07-31
000631.SZ,2014-08-27,7.173,2023-07-31
000632.SZ,2014-08-27,7.527,2023-07-31
000633.SZ,2014-08-27,7.479,2023-07-31
000635.SZ,2014-08-27,3.65,2023-07-31
000636.SZ,2014-08-27,16.716,2023-07-31
000637.SZ,2014-08-27,15.269,2023-07-31
000638.SZ,2014-08-27,4.42,2023-07-31
000639.SZ,2014-08-27,2.698,2023-07-31
000650.SZ,2014-08-27,16.153,2023-07-31
000651.SZ,2014-08-27,62.447,2023-07-31
000652.SZ,2014-08-27,26.658,2023-07-31
000655.SZ,2014-08-27,5.716,2023-07-31
000656.SZ,2014-08-27,1.858,2023-07-31
000657.SZ,2014-08-27,3.029,2023-07-31
000659.SZ,2014-08-27,16.527,2023-07-31
000661.SZ,2014-08-27,3.158,2023-07-31
000662.SZ,2014-08-27,4.596,2023-07-31
000663.SZ,2014-08-27,4.049,2023-07-31
000665.SZ,2014-08-27,3.97,2023-07-31
000666.SZ,2014-08-27,1.554,2023-07-31
000667.SZ,2014-08-27,24.841,2023-07-31
000668.SZ,2014-08-27,3.643,2023-07-31
000669.SZ,2014-08-27,2.556,2023-07-31
000670.SZ,2014-08-27,10.09,2023-07-31
000671.SZ,2014-08-27,11.987,2023-07-31
000672.SZ,2014-08-27,5.399,2023-07-31
000673.SZ,2014-08-27,5.756,2023-07-31
000676.SZ,2014-08-27,8.247,2023-07-31
000677.SZ,2014-08-27,18.3,2023-07-31
000678.SZ,2014-08-27,4.96,2023-07-31
000679.SZ,2014-08-27,5.688,2023-07-31
000680.SZ,2014-08-27,5.42,2023-07-31
000681.SZ,2014-08-27,5.01,2023-07-31
000682.SZ,2014-08-27,15.625,2023-07-31
000683.SZ,2014-08-27,4.164,2023-07-31
000685.SZ,2014-08-27,7.093,2023-07-31
000686.SZ,2014-08-27,11.53,2023-07-31
000687.SZ,2014-08-27,3.319,2023-07-31
000688.SZ,2014-08-27,4.905,2023-07-31
000690.SZ,2014-08-27,37.513,2023-07-31
000691.SZ,2014-08-27,3.055,2023-07-31
000692.SZ,2014-08-27,12.12,2023-07-31
000693.SZ,2014-08-27,2.15,2023-07-31
000695.SZ,2014-08-27,2.55,2023-07-31
000697.SZ,2014-08-27,3.671,2023-07-31
000698.SZ,2014-08-27,2.96,2023-07-31
000700.SZ,2014-08-27,7.128,2023-07-31
000701.SZ,2014-08-27,1.697,2023-07-31
000702.SZ,2014-08-27,2.553,2023-07-31
000703.SZ,2014-08-27,4.735,2023-07-31
000705.SZ,2014-08-27,5.334,2023-07-31
000707.SZ,2014-08-27,3.031,2023-07-31
000708.SZ,2014-08-27,1.788,2023-07-31
000709.SZ,2014-08-27,9.208,2023-07-31
000710.SZ,2014-08-27,3.497,2023-07-31
000711.SZ,2014-08-27,4.056,2023-07-31
000712.SZ,2014-08-27,12.803,2023-07-31
000713.SZ,2014-08-27,3.396,2023-07-31
000715.SZ,2014-08-27,3.184,2023-07-31
000716.SZ,2014-08-27,1.828,2023-07-31
000717.SZ,2014-08-27,4.493,2023-07-31
000718.SZ,2014-08-27,4.871,2023-07-31
000719.SZ,2014-08-27,3.043,2023-07-31
000720.SZ,2014-08-27,7.26,2023-07-31
000721.SZ,2014-08-27,4.69,2023-07-31
000722.SZ,2014-08-27,3.816,2023-07-31
000723.SZ,2014-08-27,3.505,2023-07-31
000725.SZ,2014-08-27,4.674,2023-07-31
000726.SZ,2014-08-27,6.454,2023-07-31
000727.SZ,2014-08-27,2.817,2023-07-31
000728.SZ,2014-08-27,1.398,2023-07-31
000729.SZ,2014-08-27,7.864,2023-07-31
000731.SZ,2014-08-27,10.799,2023-07-31
000732.SZ,2014-08-27,2.12,2023-07-31
000733.SZ,2014-08-27,2.171,2023-07-31
000735.SZ,2014-08-27,5.789,2023-07-31
000736.SZ,2014-08-27,1.195,2023-07-31
000737.SZ,2014-08-27,3.636,2023-07-31
000738.SZ,2014-08-27,1.78,2023-07-31
000739.SZ,2014-08-27,11.615,2023-07-31
000748.SZ,2014-08-27,3.435,2023-07-31
000750.SZ,2014-08-27,7.212,2023-07-31
000751.SZ,2014-08-27,3.371,2023-07-31
000752.SZ,2014-08-27,4.741,2023-07-31
000753.SZ,2014-08-27,6.222,2023-07-31
000755.SZ,2014-08-27,2.567,2023-07-31
000756.SZ,2014-08-27,1.484,2023-07-31
000757.SZ,2014-08-27,4.024,2023-07-31
000758.SZ,2014-08-27,8.329,2023-07-31
000759.SZ,2014-08-27,6.754,2023-07-31
000760.SZ,2014-08-27,5.846,2023-07-31
000761.SZ,2014-08-27,1.862,2023-07-31
000762.SZ,2014-08-27,5.38,2023-07-31
000766.SZ,2014-08-27,3.268,2023-07-31
000767.SZ,2014-08-27,10.762,2023-07-31
000768.SZ,2014-08-27,8.2,2023-07-31
000776.SZ,2014-08-27,4.869,2023-07-31
000777.SZ,2014-08-27,6.809,2023-07-31
000778.SZ,2014-08-27,11.657,2023-07-31
000779.SZ,2014-08-27,2.278,2023-07-31
000780.SZ,2014-08-27,4.404,2023-07-31
000782.SZ,2014-08-27,3.327,2023-07-31
000783.SZ,2014-08-27,4.926,2023-07-31
000785.SZ,2014-08-27,6.168,2023-07-31
000786.SZ,2014-08-27,4.86,2023-07-31
000788.SZ,2014-08-27,3.737,2023-07-31
000789.SZ,2014-08-27,2.467,2023-07-31
000790.SZ,2014-08-27,7.519,2023-07-31
000791.SZ,2014-08-27,2.461,2023-07-31
000792.SZ,2014-08-27,4.887,2023-07-31
000793.SZ,2014-08-27,12.623,2023-07-31
000795.SZ,2014-08-27,2.144,2023-07-31
000796.SZ,2014-08-27,3.99,2023-07-31
000797.SZ,2014-08-27,1.884,2023-07-31
000798.SZ,2014-08-27,2.295,2023-07-31
000799.SZ,2014-08-27,1.984,2023-07-31
000800.SZ,2014-08-27,2.362,2023-07-31
000801.SZ,2014-08-27,7.125,2023-07-31
000802.SZ,2014-08-27,3.277,2023-07-31
000803.SZ,2014-08-27,3.005,2023-07-31
000806.SZ,2014-08-27,8.502,2023-07-31
000807.SZ,2014-08-27,6.736,2023-07-31
000809.SZ,2014-08-27,1.903,2023-07-31
000810.SZ,2014-08-27,2.564,2023-07-31
000811.SZ,2014-08-27,9.756,2023-07-31
000812.SZ,2014-08-27,4.85,2023-07-31
000813.SZ,2014-08-27,2.515,2023-07-31
000815.SZ,2014-08-27,3.446,2023-07-31
000816.SZ,2014-08-27,7.252,2023-07-31
000818.SZ,2014-08-27,2.015,2023-07-31
000819.SZ,2014-08-27,6.489,2023-07-31
000820.SZ,2014-08-27,1.925,2023-07-31
000821.SZ,2014-08-27,2.449,2023-07-31
000822.SZ,2014-08-27,2.245,2023-07-31
000823.SZ,2014-08-27,2.734,2023-07-31
000825.SZ,2014-08-27,6.59,2023-07-31
000826.SZ,2014-08-27,5.773,2023-07-31
000828.SZ,2014-08-27,3.094,2023-07-31
000829.SZ,2014-08-27,14.801,2023-07-31
000830.SZ,2014-08-27,5.759,2023-07-31
000831.SZ,2014-08-27,3.987,2023-07-31
000833.SZ,2014-08-27,1.628,2023-07-31
000835.SZ,2014-08-27,7.462,2023-07-31
000836.SZ,2014-08-27,2.66,2023-07-31
000837.SZ,2014-08-27,4.035,2023-07-31
000838.SZ,2014-08-27,3.453,2023-07-31
000839.SZ,2014-08-27,8.788,2023-07-31
000848.SZ,2014-08-27,9.807,2023-07-31
000850.SZ,2014-08-27,7.617,2023-07-31
000851.SZ,2014-08-27,1.702,2023-07-31
000852.SZ,2014-08-27,3.24,2023-07-31
000856.SZ,2014-08-27,1.878,2023-07-31
000858.SZ,2014-08-27,15.682,2023-07-31
000859.SZ,2014-08-27,2.803,2023-07-31
000860.SZ,2014-08-27,2.254,2023-07-31
000861.SZ,2014-08-27,4.774,2023-07-31
000862.SZ,2014-08-27,2.698,2023-07-31
000863.SZ,2014-08-27,5.112,2023-07-31
000868.SZ,2014-08-27,6.711,2023-07-31
000869.SZ,2014-08-27,4.258,2023-07-31
000875.SZ,2014-08-27,1.406,2023-07-31
000876.SZ,2014-08-27,7.912,2023-07-31
000877.SZ,2014-08-27,6.137,2023-07-31
000878.SZ,2014-08-27,2.792,2023-07-31
000880.SZ,2014-08-27,3.202,2023-07-31
000881.SZ,2014-08-27,4.889,2023-07-31
000882.SZ,2014-08-27,2.866,2023-07-31
000883.SZ,2014-08-27,2.389,2023-07-31
000885.SZ,2014-08-27,1.782,2023-07-31
000886.SZ,2014-08-27,2.922,2023-07-31
000887.SZ,2014-08-27,6.594,2023-07-31
000888.SZ,2014-08-27,2.953,2023-07-31
000889.SZ,2014-08-27,3.564,2023-07-31
000890.SZ,2014-08-27,3.554,2023-07-31
000892.SZ,2014-08-27,2.486,2023-07-31
000893.SZ,2014-08-27,2.035,2023-07-31
000895.SZ,2014-08-27,10.367,2023-07-31
000897.SZ,2014-08-27,5.945,2023-07-31
000898.SZ,2014-08-27,2.046,2023-07-31
000899.SZ,2014-08-27,3.106,2023-07-31
000900.SZ,2014-08-27,7.702,2023-07-31
000901.SZ,2014-08-27,2.951,2023-07-31
000902.SZ,2014-08-27,1.631,2023-07-31
000903.SZ,2014-08-27,5.591,2023-07-31
000905.SZ,2014-08-27,2.571,2023-07-31
000906.SZ,2014-08-27,2.532,2023-07-31
000908.SZ,2014-08-27,2.546,2023-07-31
000909.SZ,2014-08-27,2.1,2023-07-31
000910.SZ,2014-08-27,2.369,2023-07-31
000911.SZ,2014-08-27,1.889,2023-07-31
000912.SZ,2014-08-27,2.301,2023-07-31
000913.SZ,2014-08-27,2.6,2023-07-31
000915.SZ,2014-08-27,2.364,2023-07-31
000916.SZ,2014-08-27,1.954,2023-07-31
000917.SZ,2014-08-27,7.814,2023-07-31
000918.SZ,2014-08-27,2.466,2023-07-31
000919.SZ,2014-08-27,3.318,2023-07-31
000920.SZ,2014-08-27,2.987,2023-07-31
000921.SZ,2014-08-27,1.183,2023-07-31
000922.SZ,2014-08-27,2.235,2023-07-31
000923.SZ,2014-08-27,1.643,2023-07-31
000925.SZ,2014-08-27,2.149,2023-07-31
000926.SZ,2014-08-27,3.123,2023-07-31
000927.SZ,2014-08-27,1.588,2023-07-31
000928.SZ,2014-08-27,1.111,2023-07-31
000929.SZ,2014-08-27,2.485,2023-07-31
000930.SZ,2014-08-27,5.676,2023-07-31
000931.SZ,2014-08-27,1.54,2023-07-31
000932.SZ,2014-08-27,1.445,2023-07-31
000933.SZ,2014-08-27,12.021,2023-07-31
000935.SZ,2014-08-27,3.019,2023-07-31
000936.SZ,2014-08-27,6.303,2023-07-31
000937.SZ,2014-08-27,5.365,2023-07-31
000938.SZ,2014-08-27,2.518,2023-07-31
000939.SZ,2014-08-27,9.401,2023-07-31
000948.SZ,2014-08-27,1.907,2023-07-31
000949.SZ,2014-08-27,4.621,2023-07-31
000950.SZ,2014-08-27,2.339,2023-07-31
000951.SZ,2014-08-27,1.773,2023-07-31
000952.SZ,2014-08-27,2.082,2023-07-31
000953.SZ,2014-08-27,2.608,2023-07-31
000955.SZ,2014-08-27,2.46,2023-07-31
000957.SZ,2014-08-27,2.438,2023-07-31
000958.SZ,2014-08-27,2.173,2023-07-31
000959.SZ,2014-08-27,2.238,2023-07-31
000960.SZ,2014-08-27,3.384,2023-07-31
000961.SZ,2014-08-27,2.141,2023-07-31
000962.SZ,2014-08-27,3.362,2023-07-31
000963.SZ,2014-08-27,3.217,2023-07-31
000965.SZ,2014-08-27,2.494,2023-07-31
000966.SZ,2014-08-27,1.799,2023-07-31
000967.SZ,2014-08-27,2.181,2023-07-31
000968.SZ,2014-08-27,1.86,2023-07-31
000969.SZ,2014-08-27,6.71,2023-07-31
000970.SZ,2014-08-27,15.497,2023-07-31
000971.SZ,2014-08-27,1.896,2023-07-31
000972.SZ,2014-08-27,3.266,2023-07-31
000973.SZ,2014-08-27,3.746,2023-07-31
000975.SZ,2014-08-27,4.685,2023-07-31
000976.SZ,2014-08-27,3.673,2023-07-31
000977.SZ,2014-08-27,2.749,2023-07-31
000978.SZ,2014-08-27,3.022,2023-07-31
000979.SZ,2014-08-27,6.582,2023-07-31
000980.SZ,2014-08-27,2.072,2023-07-31
000981.SZ,2014-08-27,1.618,2023-07-31
000982.SZ,2014-08-27,16.841,2023-07-31
000983.SZ,2014-08-27,6.184,2023-07-31
000985.SZ,2014-08-27,1.613,2023-07-31
000987.SZ,2014-08-27,2.595,2023-07-31
000988.SZ,2014-08-27,9.91,2023-07-31
000989.SZ,2014-08-27,3.449,2023-07-31
000990.SZ,2014-08-27,2.994,2023-07-31
000993.SZ,2014-08-27,1.816,2023-07-31
000995.SZ,2014-08-27,1.686,2023-07-31
000996.SZ,2014-08-27,2.702,2023-07-31
000997.SZ,2014-08-27,5.875,2023-07-31
000998.SZ,2014-08-27,10.844,2023-07-31
000999.SZ,2014-08-27,1.889,2023-07-31
001696.SZ,2014-08-27,21.652,2023-07-31
001872.SZ,2014-08-27,3.748,2023-07-31
001896.SZ,2014-08-27,1.387,2023-07-31
001914.SZ,2014-08-27,7.845,2023-07-31
002001.SZ,2014-08-27,14.636,2023-07-31
002002.SZ,2014-08-27,4.008,2023-07-31
002003.SZ,2014-08-27,6.047,2023-07-31
002004.SZ,2014-08-27,6.639,2023-07-31
002005.SZ,2014-08-27,9.999,2023-07-31
002006.SZ,2014-08-27,7.689,2023-07-31
002007.SZ,2014-08-27,12.528,2023-07-31
002008.SZ,2014-08-27,12.362,2023-07-31
002009.SZ,2014-08-27,5.239,2023-07-31
002010.SZ,2014-08-27,8.064,2023-07-31
002011.SZ,2014-08-27,6.15,2023-07-31
002012.SZ,2014-08-27,5.186,2023-07-31
002013.SZ,2014-08-27,6.544,2023-07-31
002014.SZ,2014-08-27,4.858,2023-07-31
002015.SZ,2014-08-27,4.951,2023-07-31
002016.SZ,2014-08-27,5.597,2023-07-31
002017.SZ,2014-08-27,4.324,2023-07-31
002018.SZ,2014-08-27,8.631,2023-07-31
002019.SZ,2014-08-27,5.551,2023-07-31
002020.SZ,2014-08-27,4.359,2023-07-31
002021.SZ,2014-08-27,9.202,2023-07-31
002022.SZ,2014-08-27,11.788,2023-07-31
002023.SZ,2014-08-27,5.042,2023-07-31
002024.SZ,2014-08-27,84.734,2023-07-31
002025.SZ,2014-08-27,4.81,2023-07-31
002026.SZ,2014-08-27,3.471,2023-07-31
002027.SZ,2014-08-27,3.566,2023-07-31
002028.SZ,2014-08-27,15.715,2023-07-31
002029.SZ,2014-08-27,9.218,2023-07-31
002030.SZ,2014-08-27,9.069,2023-07-31
002031.SZ,2014-08-27,3.779,2023-07-31
002032.SZ,2014-08-27,5.812,2023-07-31
002033.SZ,2014-08-27,2.573,2023-07-31
002034.SZ,2014-08-27,1.885,2023-07-31
002035.SZ,2014-08-27,6.018,2023-07-31
002036.SZ,2014-08-27,3.627,2023-07-31
002037.SZ,2014-08-27,3.984,2023-07-31
002038.SZ,2014-08-27,9.045,2023-07-31
002039.SZ,2014-08-27,2.19,2023-07-31
002040.SZ,2014-08-27,2.27,2023-07-31
002041.SZ,2014-08-27,5.312,2023-07-31
002042.SZ,2014-08-27,4.13,2023-07-31
002043.SZ,2014-08-27,4.319,2023-07-31
002044.SZ,2014-08-27,2.701,2023-07-31
002045.SZ,2014-08-27,5.501,2023-07-31
002046.SZ,2014-08-27,4.905,2023-07-31
002047.SZ,2014-08-27,3.175,2023-07-31
002048.SZ,2014-08-27,6.113,2023-07-31
002049.SZ,2014-08-27,4.376,2023-07-31
002050.SZ,2014-08-27,3.942,2023-07-31
002051.SZ,2014-08-27,3.368,2023-07-31
002052.SZ,2014-08-27,6.818,2023-07-31
002053.SZ,2014-08-27,1.041,2023-07-31
002054.SZ,2014-08-27,2.469,2023-07-31
002055.SZ,2014-08-27,5.923,2023-07-31
002056.SZ,2014-08-27,2.057,2023-07-31
002057.SZ,2014-08-27,2.414,2023-07-31
002058.SZ,2014-08-27,2.378,2023-07-31
002059.SZ,2014-08-27,1.037,2023-07-31
002060.SZ,2014-08-27,1.84,2023-07-31
002061.SZ,2014-08-27,2.124,2023-07-31
002062.SZ,2014-08-27,6.446,2023-07-31
002063.SZ,2014-08-27,4.178,2023-07-31
002064.SZ,2014-08-27,5.437,2023-07-31
002065.SZ,2014-08-27,14.706,2023-07-31
002066.SZ,2014-08-27,3.162,2023-07-31
002067.SZ,2014-08-27,2.649,2023-07-31
002068.SZ,2014-08-27,4.671,2023-07-31
002069.SZ,2014-08-27,6.663,2023-07-31
002070.SZ,2014-08-27,4.681,2023-07-31
002071.SZ,2014-08-27,1.529,2023-07-31
002072.SZ,2014-08-27,1.107,2023-07-31
002073.SZ,2014-08-27,9.183,2023-07-31
002074.SZ,2014-08-27,3.853,2023-07-31
002075.SZ,2014-08-27,2.002,2023-07-31
002076.SZ,2014-08-27,1.901,2023-07-31
002077.SZ,2014-08-27,1.464,2023-07-31
002078.SZ,2014-08-27,8.013,2023-07-31
002079.SZ,2014-08-27,4.823,2023-07-31
002080.SZ,2014-08-27,2.153,2023-07-31
002081.SZ,2014-08-27,17.919,2023-07-31
002082.SZ,2014-08-27,2.777,2023-07-31
002083.SZ,2014-08-27,2.085,2023-07-31
002084.SZ,2014-08-27,2.428,2023-07-31
002085.SZ,2014-08-27,1.309,2023-07-31
002086.SZ,2014-08-27,2.056,2023-07-31
002087.SZ,2014-08-27,1.726,2023-07-31
002088.SZ,2014-08-27,2.204,2023-07-31
002089.SZ,2014-08-27,6.609,2023-07-31
002090.SZ,2014-08-27,3.263,2023-07-31
002091.SZ,2014-08-27,3.039,2023-07-31
002092.SZ,2014-08-27,3.222,2023-07-31
002093.SZ,2014-08-27,12.094,2023-07-31
002094.SZ,2014-08-27,3.096,2023-07-31
002095.SZ,2014-08-27,3.652,2023-07-31
002096.SZ,2014-08-27,4.85,2023-07-31
002097.SZ,2014-08-27,3.064,2023-07-31
002098.SZ,2014-08-27,1.146,2023-07-31
002099.SZ,2014-08-27,3.17,2023-07-31
002100.SZ,2014-08-27,5.348,2023-07-31
002101.SZ,2014-08-27,2.135,2023-07-31
002102.SZ,2014-08-27,3.031,2023-07-31
002103.SZ,2014-08-27,1.291,2023-07-31
002104.SZ,2014-08-27,6.471,2023-07-31
002105.SZ,2014-08-27,1.399,2023-07-31
002106.SZ,2014-08-27,3.382,2023-07-31
002107.SZ,2014-08-27,2.048,2023-07-31
002108.SZ,2014-08-27,4.118,2023-07-31
002109.SZ,2014-08-27,2.456,2023-07-31
002110.SZ,2014-08-27,1.057,2023-07-31
002111.SZ,2014-08-27,3.214,2023-07-31
002112.SZ,2014-08-27,2.575,2023-07-31
002113.SZ,2014-08-27,1.601,2023-07-31
002114.SZ,2014-08-27,1.82,2023-07-31
002115.SZ,2014-08-27,4.617,2023-07-31
002116.SZ,2014-08-27,3.056,2023-07-31
002117.SZ,2014-08-27,3.301,2023-07-31
002118.SZ,2014-08-27,6.201,2023-07-31
002119.SZ,2014-08-27,2.032,2023-07-31
002120.SZ,2014-08-27,2.309,2023-07-31
002121.SZ,2014-08-27,6.148,2023-07-31
002122.SZ,2014-08-27,8.392,2023-07-31
002123.SZ,2014-08-27,7.26,2023-07-31
002124.SZ,2014-08-27,3.267,2023-07-31
002125.SZ,2014-08-27,1.603,2023-07-31
002126.SZ,2014-08-27,2.687,2023-07-31
002127.SZ,2014-08-27,3.316,2023-07-31
002128.SZ,2014-08-27,2.349,2023-07-31
002129.SZ,2014-08-27,1.895,2023-07-31
002130.SZ,2014-08-27,9.996,2023-07-31
002131.SZ,2014-08-27,4.113,2023-07-31
002132.SZ,2014-08-27,3.106,2023-07-31
002133.SZ,2014-08-27,2.696,2023-07-31
002134.SZ,2014-08-27,1.251,2023-07-31
002135.SZ,2014-08-27,3.085,2023-07-31
002136.SZ,2014-08-27,2.015,2023-07-31
002137.SZ,2014-08-27,3.301,2023-07-31
002138.SZ,2014-08-27,3.107,2023-07-31
002139.SZ,2014-08-27,4.673,2023-07-31
002140.SZ,2014-08-27,6.951,2023-07-31
002141.SZ,2014-08-27,2.303,2023-07-31
002142.SZ,2014-08-27,1.178,2023-07-31
002143.SZ,2014-08-27,1.984,2023-07-31
002144.SZ,2014-08-27,1.065,2023-07-31
002145.SZ,2014-08-27,1.0,2023-07-31
002146.SZ,2014-08-27,4.44,2023-07-31
002147.SZ,2014-08-27,2.57,2023-07-31
002148.SZ,2014-08-27,4.658,2023-07-31
002149.SZ,2014-08-27,1.529,2023-07-31
002150.SZ,2014-08-27,3.989,2023-07-31
002151.SZ,2014-08-27,3.822,2023-07-31
002152.SZ,2014-08-27,6.684,2023-07-31
002153.SZ,2014-08-27,5.715,2023-07-31
002154.SZ,2014-08-27,5.613,2023-07-31
002155.SZ,2014-08-27,2.652,2023-07-31
002156.SZ,2014-08-27,2.133,2023-07-31
002157.SZ,2014-08-27,4.946,2023-07-31
002158.SZ,2014-08-27,1.998,2023-07-31
002159.SZ,2014-08-27,1.522,2023-07-31
002160.SZ,2014-08-27,2.035,2023-07-31
002161.SZ,2014-08-27,10.675,2023-07-31
002162.SZ,2014-08-27,1.131,2023-07-31
002163.SZ,2014-08-27,4.664,2023-07-31
002164.SZ,2014-08-27,3.099,2023-07-31
002165.SZ,2014-08-27,7.138,2023-07-31
002166.SZ,2014-08-27,2.002,2023-07-31
002167.SZ,2014-08-27,5.239,2023-07-31
002168.SZ,2014-08-27,14.975,2023-07-31
002169.SZ,2014-08-27,3.636,2023-07-31
002170.SZ,2014-08-27,7.902,2023-07-31
002171.SZ,2014-08-27,2.429,2023-07-31
002172.SZ,2014-08-27,3.012,2023-07-31
002173.SZ,2014-08-27,3.018,2023-07-31
002174.SZ,2014-08-27,1.022,2023-07-31
002175.SZ,2014-08-27,1.551,2023-07-31
002176.SZ,2014-08-27,5.866,2023-07-31
002177.SZ,2014-08-27,8.772,2023-07-31
002178.SZ,2014-08-27,3.597,2023-07-31
002179.SZ,2014-08-27,3.484,2023-07-31
002180.SZ,2014-08-27,2.706,2023-07-31
002181.SZ,2014-08-27,1.345,2023-07-31
002182.SZ,2014-08-27,1.554,2023-07-31
002183.SZ,2014-08-27,7.205,2023-07-31
002184.SZ,2014-08-27,2.107,2023-07-31
002185.SZ,2014-08-27,3.523,2023-07-31
002186.SZ,2014-08-27,2.223,2023-07-31
002187.SZ,2014-08-27,2.037,2023-07-31
002188.SZ,2014-08-27,1.978,2023-07-31
002189.SZ,2014-08-27,1.017,2023-07-31
002190.SZ,2014-08-27,2.604,2023-07-31
002191.SZ,2014-08-27,2.764,2023-07-31
002192.SZ,2014-08-27,2.032,2023-07-31
002193.SZ,2014-08-27,2.037,2023-07-31
002194.SZ,2014-08-27,3.008,2023-07-31
002195.SZ,2014-08-27,2.023,2023-07-31
002196.SZ,2014-08-27,1.617,2023-07-31
002197.SZ,2014-08-27,2.52,2023-07-31
002198.SZ,2014-08-27,5.066,2023-07-31
002199.SZ,2014-08-27,2.632,2023-07-31
002200.SZ,2014-08-27,1.815,2023-07-31
002201.SZ,2014-08-27,2.216,2023-07-31
002202.SZ,2014-08-27,4.867,2023-07-31
002203.SZ,2014-08-27,1.793,2023-07-31
002204.SZ,2014-08-27,2.349,2023-07-31
002205.SZ,2014-08-27,1.298,2023-07-31
002206.SZ,2014-08-27,3.498,2023-07-31
002207.SZ,2014-08-27,2.052,2023-07-31
002208.SZ,2014-08-27,3.225,2023-07-31
002209.SZ,2014-08-27,1.549,2023-07-31
002210.SZ,2014-08-27,3.074,2023-07-31
002211.SZ,2014-08-27,1.524,2023-07-31
002212.SZ,2014-08-27,3.229,2023-07-31
002213.SZ,2014-08-27,2.095,2023-07-31
002214.SZ,2014-08-27,2.069,2023-07-31
002215.SZ,2014-08-27,5.755,2023-07-31
002216.SZ,2014-08-27,4.131,2023-07-31
002217.SZ,2014-08-27,2.795,2023-07-31
002218.SZ,2014-08-27,2.714,2023-07-31
002219.SZ,2014-08-27,6.495,2023-07-31
002220.SZ,2014-08-27,5.826,2023-07-31
002221.SZ,2014-08-27,2.027,2023-07-31
002222.SZ,2014-08-27,1.693,2023-07-31
002223.SZ,2014-08-27,5.171,2023-07-31
002224.SZ,2014-08-27,6.751,2023-07-31
002225.SZ,2014-08-27,1.781,2023-07-31
002226.SZ,2014-08-27,4.337,2023-07-31
002227.SZ,2014-08-27,2.057,2023-07-31
002228.SZ,2014-08-27,3.234,2023-07-31
002229.SZ,2014-08-27,3.424,2023-07-31
002230.SZ,2014-08-27,5.889,2023-07-31
002231.SZ,2014-08-27,3.089,2023-07-31
002232.SZ,2014-08-27,3.075,2023-07-31
002233.SZ,2014-08-27,2.162,2023-07-31
002234.SZ,2014-08-27,2.079,2023-07-31
002235.SZ,2014-08-27,2.033,2023-07-31
002236.SZ,2014-08-27,16.473,2023-07-31
002237.SZ,2014-08-27,4.047,2023-07-31
002238.SZ,2014-08-27,1.246,2023-07-31
002239.SZ,2014-08-27,3.215,2023-07-31
002240.SZ,2014-08-27,1.617,2023-07-31
002241.SZ,2014-08-27,11.104,2023-07-31
002242.SZ,2014-08-27,3.763,2023-07-31
002243.SZ,2014-08-27,1.674,2023-07-31
002244.SZ,2014-08-27,2.743,2023-07-31
002245.SZ,2014-08-27,6.148,2023-07-31
002246.SZ,2014-08-27,1.57,2023-07-31
002247.SZ,2014-08-27,3.156,2023-07-31
002248.SZ,2014-08-27,2.028,2023-07-31
002249.SZ,2014-08-27,5.58,2023-07-31
002250.SZ,2014-08-27,5.8,2023-07-31
002251.SZ,2014-08-27,4.147,2023-07-31
002252.SZ,2014-08-27,3.329,2023-07-31
002253.SZ,2014-08-27,2.469,2023-07-31
002254.SZ,2014-08-27,4.635,2023-07-31
002255.SZ,2014-08-27,2.065,2023-07-31
002256.SZ,2014-08-27,3.703,2023-07-31
002258.SZ,2014-08-27,1.584,2023-07-31
002259.SZ,2014-08-27,2.581,2023-07-31
002260.SZ,2014-08-27,1.358,2023-07-31
002261.SZ,2014-08-27,5.039,2023-07-31
002262.SZ,2014-08-27,3.329,2023-07-31
002263.SZ,2014-08-27,2.052,2023-07-31
002264.SZ,2014-08-27,4.725,2023-07-31
002265.SZ,2014-08-27,1.002,2023-07-31
002266.SZ,2014-08-27,8.331,2023-07-31
002267.SZ,2014-08-27,2.209,2023-07-31
002268.SZ,2014-08-27,2.634,2023-07-31
002269.SZ,2014-08-27,1.787,2023-07-31
002270.SZ,2014-08-27,1.362,2023-07-31
002271.SZ,2014-08-27,6.294,2023-07-31
002272.SZ,2014-08-27,3.415,2023-07-31
002273.SZ,2014-08-27,5.322,2023-07-31
002274.SZ,2014-08-27,2.005,2023-07-31
002275.SZ,2014-08-27,1.475,2023-07-31
002276.SZ,2014-08-27,3.7,2023-07-31
002277.SZ,2014-08-27,3.014,2023-07-31
002278.SZ,2014-08-27,1.849,2023-07-31
002279.SZ,2014-08-27,3.05,2023-07-31
002280.SZ,2014-08-27,2.144,2023-07-31
002281.SZ,2014-08-27,1.043,2023-07-31
002282.SZ,2014-08-27,1.372,2023-07-31
002283.SZ,2014-08-27,2.032,2023-07-31
002284.SZ,2014-08-27,3.136,2023-07-31
002285.SZ,2014-08-27,6.322,2023-07-31
002286.SZ,2014-08-27,3.451,2023-07-31
002287.SZ,2014-08-27,1.082,2023-07-31
002288.SZ,2014-08-27,3.726,2023-07-31
002289.SZ,2014-08-27,1.017,2023-07-31
002290.SZ,2014-08-27,2.602,2023-07-31
002291.SZ,2014-08-27,1.713,2023-07-31
002292.SZ,2014-08-27,3.936,2023-07-31
002293.SZ,2014-08-27,2.165,2023-07-31
002294.SZ,2014-08-27,6.136,2023-07-31
002295.SZ,2014-08-27,1.525,2023-07-31
002296.SZ,2014-08-27,2.986,2023-07-31
002297.SZ,2014-08-27,3.015,2023-07-31
002298.SZ,2014-08-27,3.057,2023-07-31
002299.SZ,2014-08-27,2.069,2023-07-31
002300.SZ,2014-08-27,3.978,2023-07-31
002301.SZ,2014-08-27,3.074,2023-07-31
002302.SZ,2014-08-27,1.994,2023-07-31
002303.SZ,2014-08-27,4.061,2023-07-31
002304.SZ,2014-08-27,2.621,2023-07-31
002305.SZ,2014-08-27,2.124,2023-07-31
002306.SZ,2014-08-27,4.174,2023-07-31
002307.SZ,2014-08-27,2.61,2023-07-31
002308.SZ,2014-08-27,4.304,2023-07-31
002309.SZ,2014-08-27,3.685,2023-07-31
002310.SZ,2014-08-27,18.125,2023-07-31
002311.SZ,2014-08-27,4.572,2023-07-31
002312.SZ,2014-08-27,6.189,2023-07-31
002313.SZ,2014-08-27,2.676,2023-07-31
002314.SZ,2014-08-27,2.134,2023-07-31
002315.SZ,2014-08-27,1.102,2023-07-31
002316.SZ,2014-08-27,3.326,2023-07-31
002317.SZ,2014-08-27,4.81,2023-07-31
002318.SZ,2014-08-27,2.017,2023-07-31
002319.SZ,2014-08-27,2.048,2023-07-31
002320.SZ,2014-08-27,2.919,2023-07-31
002321.SZ,2014-08-27,2.044,2023-07-31
002322.SZ,2014-08-27,4.118,2023-07-31
002323.SZ,2014-08-27,1.425,2023-07-31
002324.SZ,2014-08-27,2.083,2023-07-31
002325.SZ,2014-08-27,5.755,2023-07-31
002326.SZ,2014-08-27,1.831,2023-07-31
002327.SZ,2014-08-27,4.23,2023-07-31
002328.SZ,2014-08-27,1.571,2023-07-31
002329.SZ,2014-08-27,2.075,2023-07-31
002330.SZ,2014-08-27,2.04,2023-07-31
002331.SZ,2014-08-27,3.68,2023-07-31
002332.SZ,2014-08-27,1.627,2023-07-31
002333.SZ,2014-08-27,1.725,2023-07-31
002334.SZ,2014-08-27,5.672,2023-07-31
002335.SZ,2014-08-27,2.946,2023-07-31
002336.SZ,2014-08-27,1.081,2023-07-31
002337.SZ,2014-08-27,1.729,2023-07-31
002338.SZ,2014-08-27,1.59,2023-07-31
002339.SZ,2014-08-27,4.115,2023-07-31
002340.SZ,2014-08-27,6.891,2023-07-31
002341.SZ,2014-08-27,4.127,2023-07-31
002342.SZ,2014-08-27,2.479,2023-07-31
002343.SZ,2014-08-27,2.264,2023-07-31
002344.SZ,2014-08-27,4.195,2023-07-31
002345.SZ,2014-08-27,3.19,2023-07-31
002346.SZ,2014-08-27,2.05,2023-07-31
002347.SZ,2014-08-27,1.876,2023-07-31
002348.SZ,2014-08-27,3.404,2023-07-31
002349.SZ,2014-08-27,2.545,2023-07-31
002350.SZ,2014-08-27,2.189,2023-07-31
002351.SZ,2014-08-27,2.192,2023-07-31
002352.SZ,2014-08-27,1.104,2023-07-31
002353.SZ,2014-08-27,7.981,2023-07-31
002354.SZ,2014-08-27,1.013,2023-07-31
002355.SZ,2014-08-27,2.079,2023-07-31
002356.SZ,2014-08-27,1.066,2023-07-31
002357.SZ,2014-08-27,2.549,2023-07-31
002358.SZ,2014-08-27,4.122,2023-07-31
002359.SZ,2014-08-27,3.042,2023-07-31
002360.SZ,2014-08-27,6.192,2023-07-31
002361.SZ,2014-08-27,4.166,2023-07-31
002362.SZ,2014-08-27,2.0,2023-07-31
002363.SZ,2014-08-27,2.049,2023-07-31
002364.SZ,2014-08-27,3.11,2023-07-31
002365.SZ,2014-08-27,2.136,2023-07-31
002366.SZ,2014-08-27,1.143,2023-07-31
002367.SZ,2014-08-27,5.843,2023-07-31
002368.SZ,2014-08-27,2.488,2023-07-31
002369.SZ,2014-08-27,4.264,2023-07-31
002370.SZ,2014-08-27,1.73,2023-07-31
002371.SZ,2014-08-27,4.732,2023-07-31
002372.SZ,2014-08-27,1.983,2023-07-31
002373.SZ,2014-08-27,2.008,2023-07-31
002374.SZ,2014-08-27,2.992,2023-07-31
002375.SZ,2014-08-27,3.961,2023-07-31
002376.SZ,2014-08-27,4.183,2023-07-31
002377.SZ,2014-08-27,4.158,2023-07-31
002378.SZ,2014-08-27,1.038,2023-07-31
002379.SZ,2014-08-27,8.017,2023-07-31
002380.SZ,2014-08-27,1.555,2023-07-31
002381.SZ,2014-08-27,3.165,2023-07-31
002382.SZ,2014-08-27,3.065,2023-07-31
002383.SZ,2014-08-27,1.591,2023-07-31
002384.SZ,2014-08-27,4.84,2023-07-31
002385.SZ,2014-08-27,4.146,2023-07-31
002386.SZ,2014-08-27,1.238,2023-07-31
002387.SZ,2014-08-27,2.371,2023-07-31
002388.SZ,2014-08-27,1.863,2023-07-31
002389.SZ,2014-08-27,6.107,2023-07-31
002390.SZ,2014-08-27,4.064,2023-07-31
002391.SZ,2014-08-27,3.323,2023-07-31
002392.SZ,2014-08-27,4.116,2023-07-31
002393.SZ,2014-08-27,1.097,2023-07-31
002394.SZ,2014-08-27,3.311,2023-07-31
002395.SZ,2014-08-27,2.112,2023-07-31
002396.SZ,2014-08-27,2.101,2023-07-31
002397.SZ,2014-08-27,5.208,2023-07-31
002398.SZ,2014-08-27,2.247,2023-07-31
002399.SZ,2014-08-27,2.2,2023-07-31
002400.SZ,2014-08-27,7.173,2023-07-31
002401.SZ,2014-08-27,5.758,2023-07-31
002402.SZ,2014-08-27,2.37,2023-07-31
002403.SZ,2014-08-27,1.036,2023-07-31
002404.SZ,2014-08-27,2.18,2023-07-31
002405.SZ,2014-08-27,1.764,2023-07-31
002406.SZ,2014-08-27,1.656,2023-07-31
002407.SZ,2014-08-27,2.124,2023-07-31
002408.SZ,2014-08-27,2.261,2023-07-31
002409.SZ,2014-08-27,1.548,2023-07-31
002410.SZ,2014-08-27,7.898,2023-07-31
002411.SZ,2014-08-27,4.115,2023-07-31
002412.SZ,2014-08-27,4.152,2023-07-31
002413.SZ,2014-08-27,1.569,2023-07-31
002414.SZ,2014-08-27,2.105,2023-07-31
002415.SZ,2014-08-27,8.371,2023-07-31
002416.SZ,2014-08-27,2.082,2023-07-31
002417.SZ,2014-08-27,2.293,2023-07-31
002418.SZ,2014-08-27,1.648,2023-07-31
002419.SZ,2014-08-27,2.22,2023-07-31
002420.SZ,2014-08-27,1.017,2023-07-31
002421.SZ,2014-08-27,2.654,2023-07-31
002422.SZ,2014-08-27,3.059,2023-07-31
002423.SZ,2014-08-27,1.018,2023-07-31
002424.SZ,2014-08-27,3.423,2023-07-31
002425.SZ,2014-08-27,2.65,2023-07-31
002426.SZ,2014-08-27,2.07,2023-07-31
002427.SZ,2014-08-27,1.315,2023-07-31
002428.SZ,2014-08-27,5.27,2023-07-31
002429.SZ,2014-08-27,3.535,2023-07-31
002430.SZ,2014-08-27,2.117,2023-07-31
002431.SZ,2014-08-27,3.904,2023-07-31
002432.SZ,2014-08-27,3.061,2023-07-31
002433.SZ,2014-08-27,4.107,2023-07-31
002434.SZ,2014-08-27,2.091,2023-07-31
002435.SZ,2014-08-27,1.56,2023-07-31
002436.SZ,2014-08-27,2.106,2023-07-31
002437.SZ,2014-08-27,2.065,2023-07-31
002438.SZ,2014-08-27,2.029,2023-07-31
002439.SZ,2014-08-27,4.061,2023-07-31
002440.SZ,2014-08-27,2.819,2023-07-31
002441.SZ,2014-08-27,2.134,2023-07-31
002442.SZ,2014-08-27,2.507,2023-07-31
002443.SZ,2014-08-27,3.324,2023-07-31
002444.SZ,2014-08-27,4.226,2023-07-31
002445.SZ,2014-08-27,2.102,2023-07-31
002446.SZ,2014-08-27,1.317,2023-07-31
002447.SZ,2014-08-27,6.079,2023-07-31
002448.SZ,2014-08-27,2.097,2023-07-31
002449.SZ,2014-08-27,2.091,2023-07-31
002450.SZ,2014-08-27,4.845,2023-07-31
002451.SZ,2014-08-27,3.026,2023-07-31
002452.SZ,2014-08-27,2.698,2023-07-31
002453.SZ,2014-08-27,4.122,2023-07-31
002454.SZ,2014-08-27,1.806,2023-07-31
002455.SZ,2014-08-27,2.822,2023-07-31
002456.SZ,2014-08-27,8.077,2023-07-31
002457.SZ,2014-08-27,2.463,2023-07-31
002458.SZ,2014-08-27,2.706,2023-07-31
002459.SZ,2014-08-27,1.324,2023-07-31
002460.SZ,2014-08-27,3.093,2023-07-31
002461.SZ,2014-08-27,1.005,2023-07-31
002462.SZ,2014-08-27,1.572,2023-07-31
002463.SZ,2014-08-27,2.662,2023-07-31
002464.SZ,2014-08-27,1.06,2023-07-31
002465.SZ,2014-08-27,3.181,2023-07-31
002466.SZ,2014-08-27,1.512,2023-07-31
002467.SZ,2014-08-27,4.255,2023-07-31
002468.SZ,2014-08-27,2.155,2023-07-31
002469.SZ,2014-08-27,5.068,2023-07-31
002470.SZ,2014-08-27,1.033,2023-07-31
002471.SZ,2014-08-27,2.737,2023-07-31
002472.SZ,2014-08-27,2.459,2023-07-31
002473.SZ,2014-08-27,2.077,2023-07-31
002474.SZ,2014-08-27,6.231,2023-07-31
002475.SZ,2014-08-27,4.486,2023-07-31
002476.SZ,2014-08-27,5.172,2023-07-31
002477.SZ,2014-08-27,6.635,2023-07-31
002478.SZ,2014-08-27,1.058,2023-07-31
002479.SZ,2014-08-27,3.583,2023-07-31
002480.SZ,2014-08-27,4.084,2023-07-31
002481.SZ,2014-08-27,7.277,2023-07-31
002482.SZ,2014-08-27,3.28,2023-07-31
002483.SZ,2014-08-27,1.873,2023-07-31
002484.SZ,2014-08-27,2.15,2023-07-31
002485.SZ,2014-08-27,1.735,2023-07-31
002486.SZ,2014-08-27,4.176,2023-07-31
002487.SZ,2014-08-27,3.031,2023-07-31
002488.SZ,2014-08-27,1.611,2023-07-31
002489.SZ,2014-08-27,2.313,2023-07-31
002490.SZ,2014-08-27,2.044,2023-07-31
002491.SZ,2014-08-27,1.377,2023-07-31
002492.SZ,2014-08-27,2.067,2023-07-31
002493.SZ,2014-08-27,2.125,2023-07-31
002494.SZ,2014-08-27,1.346,2023-07-31
002495.SZ,2014-08-27,2.877,2023-07-31
002496.SZ,2014-08-27,3.265,2023-07-31
002497.SZ,2014-08-27,3.217,2023-07-31
002498.SZ,2014-08-27,2.381,2023-07-31
002499.SZ,2014-08-27,1.828,2023-07-31
002500.SZ,2014-08-27,1.044,2023-07-31
002501.SZ,2014-08-27,3.734,2023-07-31
002502.SZ,2014-08-27,3.283,2023-07-31
002503.SZ,2014-08-27,6.913,2023-07-31
002504.SZ,2014-08-27,1.33,2023-07-31
002505.SZ,2014-08-27,3.638,2023-07-31
002507.SZ,2014-08-27,1.374,2023-07-31
002508.SZ,2014-08-27,2.091,2023-07-31
002509.SZ,2014-08-27,4.069,2023-07-31
002510.SZ,2014-08-27,2.097,2023-07-31
002511.SZ,2014-08-27,2.578,2023-07-31
002512.SZ,2014-08-27,2.746,2023-07-31
002513.SZ,2014-08-27,2.974,2023-07-31
002514.SZ,2014-08-27,3.332,2023-07-31
002515.SZ,2014-08-27,1.994,2023-07-31
002516.SZ,2014-08-27,1.332,2023-07-31
002517.SZ,2014-08-27,2.048,2023-07-31
002518.SZ,2014-08-27,2.624,2023-07-31
002519.SZ,2014-08-27,3.227,2023-07-31
002520.SZ,2014-08-27,3.783,2023-07-31
002521.SZ,2014-08-27,2.996,2023-07-31
002522.SZ,2014-08-27,4.041,2023-07-31
002523.SZ,2014-08-27,2.157,2023-07-31
002524.SZ,2014-08-27,4.586,2023-07-31
002526.SZ,2014-08-27,2.056,2023-07-31
002527.SZ,2014-08-27,1.768,2023-07-31
002528.SZ,2014-08-27,3.293,2023-07-31
002529.SZ,2014-08-27,1.039,2023-07-31
002530.SZ,2014-08-27,2.079,2023-07-31
002531.SZ,2014-08-27,2.102,2023-07-31
002532.SZ,2014-08-27,4.077,2023-07-31
002533.SZ,2014-08-27,4.055,2023-07-31
002534.SZ,2014-08-27,1.065,2023-07-31
002535.SZ,2014-08-27,2.712,2023-07-31
002536.SZ,2014-08-27,1.044,2023-07-31
002537.SZ,2014-08-27,1.541,2023-07-31
002538.SZ,2014-08-27,2.074,2023-07-31
002539.SZ,2014-08-27,2.166,2023-07-31
002540.SZ,2014-08-27,2.753,2023-07-31
002541.SZ,2014-08-27,2.046,2023-07-31
002542.SZ,2014-08-27,6.113,2023-07-31
002543.SZ,2014-08-27,2.317,2023-07-31
002544.SZ,2014-08-27,6.209,2023-07-31
002545.SZ,2014-08-27,1.55,2023-07-31
002546.SZ,2014-08-27,3.233,2023-07-31
002547.SZ,2014-08-27,2.023,2023-07-31
002548.SZ,2014-08-27,1.616,2023-07-31
002549.SZ,2014-08-27,5.148,2023-07-31
002550.SZ,2014-08-27,2.11,2023-07-31
002551.SZ,2014-08-27,4.488,2023-07-31
002552.SZ,2014-08-27,3.128,2023-07-31
002553.SZ,2014-08-27,2.061,2023-07-31
002554.SZ,2014-08-27,3.457,2023-07-31
002555.SZ,2014-08-27,2.087,2023-07-31
002556.SZ,2014-08-27,3.362,2023-07-31
002557.SZ,2014-08-27,1.886,2023-07-31
002558.SZ,2014-08-27,1.127,2023-07-31
002559.SZ,2014-08-27,2.121,2023-07-31
002560.SZ,2014-08-27,1.359,2023-07-31
002561.SZ,2014-08-27,1.133,2023-07-31
002562.SZ,2014-08-27,2.007,2023-07-31
002563.SZ,2014-08-27,1.111,2023-07-31
002564.SZ,2014-08-27,3.241,2023-07-31
002565.SZ,2014-08-27,5.308,2023-07-31
002566.SZ,2014-08-27,3.035,2023-07-31
002567.SZ,2014-08-27,3.153,2023-07-31
002568.SZ,2014-08-27,2.102,2023-07-31
002569.SZ,2014-08-27,1.558,2023-07-31
002570.SZ,2014-08-27,2.579,2023-07-31
002571.SZ,2014-08-27,4.022,2023-07-31
002572.SZ,2014-08-27,8.394,2023-07-31
002573.SZ,2014-08-27,3.686,2023-07-31
002574.SZ,2014-08-27,1.024,2023-07-31
002575.SZ,2014-08-27,2.028,2023-07-31
002576.SZ,2014-08-27,1.34,2023-07-31
002577.SZ,2014-08-27,2.343,2023-07-31
002578.SZ,2014-08-27,1.02,2023-07-31
002579.SZ,2014-08-27,2.452,2023-07-31
002580.SZ,2014-08-27,1.422,2023-07-31
002581.SZ,2014-08-27,1.441,2023-07-31
002582.SZ,2014-08-27,2.04,2023-07-31
002583.SZ,2014-08-27,1.01,2023-07-31
002584.SZ,2014-08-27,1.064,2023-07-31
002585.SZ,2014-08-27,2.089,2023-07-31
002586.SZ,2014-08-27,2.914,2023-07-31
002587.SZ,2014-08-27,2.711,2023-07-31
002588.SZ,2014-08-27,2.259,2023-07-31
002589.SZ,2014-08-27,2.018,2023-07-31
002590.SZ,2014-08-27,2.245,2023-07-31
002591.SZ,2014-08-27,3.322,2023-07-31
002592.SZ,2014-08-27,2.487,2023-07-31
002593.SZ,2014-08-27,1.037,2023-07-31
002594.SZ,2014-08-27,1.001,2023-07-31
002595.SZ,2014-08-27,1.068,2023-07-31
002596.SZ,2014-08-27,1.643,2023-07-31
002597.SZ,2014-08-27,2.189,2023-07-31
002598.SZ,2014-08-27,2.158,2023-07-31
002599.SZ,2014-08-27,1.023,2023-07-31
002600.SZ,2014-08-27,1.027,2023-07-31
002601.SZ,2014-08-27,2.045,2023-07-31
002602.SZ,2014-08-27,1.553,2023-07-31
002603.SZ,2014-08-27,1.313,2023-07-31
002604.SZ,2014-08-27,1.709,2023-07-31
002605.SZ,2014-08-27,2.121,2023-07-31
002606.SZ,2014-08-27,2.059,2023-07-31
002607.SZ,2014-08-27,3.227,2023-07-31
002608.SZ,2014-08-27,2.604,2023-07-31
002609.SZ,2014-08-27,2.484,2023-07-31
002610.SZ,2014-08-27,1.554,2023-07-31
002611.SZ,2014-08-27,2.696,2023-07-31
002612.SZ,2014-08-27,1.087,2023-07-31
002613.SZ,2014-08-27,1.869,2023-07-31
002614.SZ,2014-08-27,3.074,2023-07-31
002615.SZ,2014-08-27,1.052,2023-07-31
002616.SZ,2014-08-27,1.033,2023-07-31
002617.SZ,2014-08-27,1.524,2023-07-31
002618.SZ,2014-08-27,1.004,2023-07-31
002619.SZ,2014-08-27,1.361,2023-07-31
002620.SZ,2014-08-27,1.527,2023-07-31
002621.SZ,2014-08-27,2.284,2023-07-31
002622.SZ,2014-08-27,1.023,2023-07-31
002623.SZ,2014-08-27,1.019,2023-07-31
002624.SZ,2014-08-27,2.036,2023-07-31
002625.SZ,2014-08-27,2.294,2023-07-31
002626.SZ,2014-08-27,3.384,2023-07-31
002627.SZ,2014-08-27,1.06,2023-07-31
002628.SZ,2014-08-27,3.745,2023-07-31
002629.SZ,2014-08-27,2.482,2023-07-31
002630.SZ,2014-08-27,1.824,2023-07-31
002631.SZ,2014-08-27,2.074,2023-07-31
002632.SZ,2014-08-27,1.333,2023-07-31
002633.SZ,2014-08-27,1.523,2023-07-31
002634.SZ,2014-08-27,1.58,2023-07-31
002635.SZ,2014-08-27,1.529,2023-07-31
002636.SZ,2014-08-27,1.006,2023-07-31
002637.SZ,2014-08-27,2.058,2023-07-31
002638.SZ,2014-08-27,2.019,2023-07-31
002639.SZ,2014-08-27,1.025,2023-07-31
002640.SZ,2014-08-27,2.016,2023-07-31
002641.SZ,2014-08-27,2.224,2023-07-31
002642.SZ,2014-08-27,3.077,2023-07-31
002643.SZ,2014-08-27,2.109,2023-07-31
002644.SZ,2014-08-27,2.211,2023-07-31
002645.SZ,2014-08-27,2.388,2023-07-31
002646.SZ,2014-08-27,1.039,2023-07-31
002647.SZ,2014-08-27,1.332,2023-07-31
002648.SZ,2014-08-27,4.213,2023-07-31
002649.SZ,2014-08-27,1.546,2023-07-31
002650.SZ,2014-08-27,3.145,2023-07-31
002651.SZ,2014-08-27,1.153,2023-07-31
002652.SZ,2014-08-27,1.545,2023-07-31
002653.SZ,2014-08-27,2.878,2023-07-31
002654.SZ,2014-08-27,2.041,2023-07-31
002655.SZ,2014-08-27,3.034,2023-07-31
002656.SZ,2014-08-27,2.044,2023-07-31
002657.SZ,2014-08-27,1.511,2023-07-31
002658.SZ,2014-08-27,2.033,2023-07-31
002659.SZ,2014-08-27,2.029,2023-07-31
002660.SZ,2014-08-27,2.644,2023-07-31
002661.SZ,2014-08-27,1.051,2023-07-31
002662.SZ,2014-08-27,2.183,2023-07-31
002663.SZ,2014-08-27,3.246,2023-07-31
002664.SZ,2014-08-27,1.016,2023-07-31
002665.SZ,2014-08-27,2.026,2023-07-31
002666.SZ,2014-08-27,2.098,2023-07-31
002667.SZ,2014-08-27,1.015,2023-07-31
002668.SZ,2014-08-27,1.021,2023-07-31
002669.SZ,2014-08-27,2.064,2023-07-31
002670.SZ,2014-08-27,1.095,2023-07-31
002671.SZ,2014-08-27,4.044,2023-07-31
002672.SZ,2014-08-27,2.304,2023-07-31
002673.SZ,2014-08-27,1.051,2023-07-31
002674.SZ,2014-08-27,1.044,2023-07-31
002675.SZ,2014-08-27,1.628,2023-07-31
002676.SZ,2014-08-27,1.036,2023-07-31
002677.SZ,2014-08-27,1.059,2023-07-31
002678.SZ,2014-08-27,2.035,2023-07-31
002679.SZ,2014-08-27,1.014,2023-07-31
002680.SZ,2014-08-27,1.014,2023-07-31
002681.SZ,2014-08-27,2.078,2023-07-31
002682.SZ,2014-08-27,1.34,2023-07-31
002683.SZ,2014-08-27,1.024,2023-07-31
002684.SZ,2014-08-27,2.011,2023-07-31
002685.SZ,2014-08-27,1.008,2023-07-31
002686.SZ,2014-08-27,3.046,2023-07-31
002687.SZ,2014-08-27,2.514,2023-07-31
002688.SZ,2014-08-27,2.063,2023-07-31
002689.SZ,2014-08-27,1.825,2023-07-31
002690.SZ,2014-08-27,1.718,2023-07-31
002691.SZ,2014-08-27,1.007,2023-07-31
002692.SZ,2014-08-27,1.858,2023-07-31
002693.SZ,2014-08-27,2.323,2023-07-31
002694.SZ,2014-08-27,2.495,2023-07-31
002695.SZ,2014-08-27,1.02,2023-07-31
002696.SZ,2014-08-27,2.051,2023-07-31
002697.SZ,2014-08-27,2.049,2023-07-31
002698.SZ,2014-08-27,1.01,2023-07-31
002699.SZ,2014-08-27,2.27,2023-07-31
002700.SZ,2014-08-27,3.221,2023-07-31
002701.SZ,2014-08-27,2.102,2023-07-31
002702.SZ,2014-08-27,2.031,2023-07-31
002703.SZ,2014-08-27,1.01,2023-07-31
002705.SZ,2014-08-27,1.015,2023-07-31
002706.SZ,2014-08-27,1.026,2023-07-31
002707.SZ,2014-08-27,1.002,2023-07-31
002708.SZ,2014-08-27,1.407,2023-07-31
002709.SZ,2014-08-27,1.005,2023-07-31
002711.SZ,2014-08-27,1.008,2023-07-31
002712.SZ,2014-08-27,1.006,2023-07-31
002713.SZ,2014-08-27,1.015,2023-07-31
002714.SZ,2014-08-27,1.005,2023-07-31
002715.SZ,2014-08-27,1.002,2023-07-31
002716.SZ,2014-08-27,1.005,2023-07-31
002717.SZ,2014-08-27,1.9,2023-07-31
002718.SZ,2014-08-27,1.008,2023-07-31
002719.SZ,2014-08-27,1.004,2023-07-31
002721.SZ,2014-08-27,1.004,2023-07-31
002722.SZ,2014-08-27,1.003,2023-07-31
002723.SZ,2014-08-27,1.013,2023-07-31
002725.SZ,2014-08-27,1.013,2023-07-31
002726.SZ,2014-08-27,1.0,2023-07-31
002727.SZ,2014-08-27,1.0,2023-07-31
002728.SZ,2014-08-27,1.0,2023-07-31
300001.SZ,2014-08-27,3.12,2023-07-31
300002.SZ,2014-08-27,10.103,2023-07-31
300003.SZ,2014-08-27,2.103,2023-07-31
300004.SZ,2014-08-27,2.026,2023-07-31
300005.SZ,2014-08-27,7.772,2023-07-31
300006.SZ,2014-08-27,2.038,2023-07-31
300007.SZ,2014-08-27,2.045,2023-07-31
300008.SZ,2014-08-27,4.55,2023-07-31
300009.SZ,2014-08-27,3.596,2023-07-31
300010.SZ,2014-08-27,2.35,2023-07-31
300011.SZ,2014-08-27,8.332,2023-07-31
300012.SZ,2014-08-27,4.74,2023-07-31
300013.SZ,2014-08-27,3.039,2023-07-31
300014.SZ,2014-08-27,4.62,2023-07-31
300015.SZ,2014-08-27,4.913,2023-07-31
300016.SZ,2014-08-27,4.781,2023-07-31
300017.SZ,2014-08-27,3.496,2023-07-31
300018.SZ,2014-08-27,3.2,2023-07-31
300019.SZ,2014-08-27,3.403,2023-07-31
300020.SZ,2014-08-27,3.055,2023-07-31
300021.SZ,2014-08-27,4.038,2023-07-31
300022.SZ,2014-08-27,4.054,2023-07-31
300023.SZ,2014-08-27,1.506,2023-07-31
300024.SZ,2014-08-27,10.73,2023-07-31
300025.SZ,2014-08-27,3.95,2023-07-31
300026.SZ,2014-08-27,10.336,2023-07-31
300027.SZ,2014-08-27,7.455,2023-07-31
300028.SZ,2014-08-27,1.852,2023-07-31
300029.SZ,2014-08-27,1.023,2023-07-31
300030.SZ,2014-08-27,4.069,2023-07-31
300031.SZ,2014-08-27,6.452,2023-07-31
300032.SZ,2014-08-27,2.084,2023-07-31
300033.SZ,2014-08-27,4.102,2023-07-31
300034.SZ,2014-08-27,2.774,2023-07-31
300035.SZ,2014-08-27,4.025,2023-07-31
300036.SZ,2014-08-27,1.63,2023-07-31
300037.SZ,2014-08-27,1.673,2023-07-31
300038.SZ,2014-08-27,1.543,2023-07-31
300039.SZ,2014-08-27,6.222,2023-07-31
300040.SZ,2014-08-27,4.199,2023-07-31
300041.SZ,2014-08-27,2.729,2023-07-31
300042.SZ,2014-08-27,2.05,2023-07-31
300043.SZ,2014-08-27,9.266,2023-07-31
300044.SZ,2014-08-27,2.801,2023-07-31
300045.SZ,2014-08-27,4.074,2023-07-31
300046.SZ,2014-08-27,2.772,2023-07-31
300047.SZ,2014-08-27,3.206,2023-07-31
300048.SZ,2014-08-27,2.921,2023-07-31
300049.SZ,2014-08-27,1.767,2023-07-31
300050.SZ,2014-08-27,4.11,2023-07-31
300051.SZ,2014-08-27,6.282,2023-07-31
300052.SZ,2014-08-27,2.669,2023-07-31
300053.SZ,2014-08-27,2.039,2023-07-31
300054.SZ,2014-08-27,7.032,2023-07-31
300055.SZ,2014-08-27,2.642,2023-07-31
300056.SZ,2014-08-27,2.966,2023-07-31
300057.SZ,2014-08-27,2.091,2023-07-31
300058.SZ,2014-08-27,9.236,2023-07-31
300059.SZ,2014-08-27,8.802,2023-07-31
300061.SZ,2014-08-27,2.564,2023-07-31
300062.SZ,2014-08-27,2.07,2023-07-31
300063.SZ,2014-08-27,3.134,2023-07-31
300064.SZ,2014-08-27,4.093,2023-07-31
300065.SZ,2014-08-27,3.852,2023-07-31
300066.SZ,2014-08-27,5.039,2023-07-31
300067.SZ,2014-08-27,3.13,2023-07-31
300068.SZ,2014-08-27,2.476,2023-07-31
300069.SZ,2014-08-27,2.005,2023-07-31
300070.SZ,2014-08-27,7.234,2023-07-31
300071.SZ,2014-08-27,6.119,2023-07-31
300072.SZ,2014-08-27,5.277,2023-07-31
300073.SZ,2014-08-27,2.023,2023-07-31
300074.SZ,2014-08-27,8.376,2023-07-31
300075.SZ,2014-08-27,3.454,2023-07-31
300076.SZ,2014-08-27,4.132,2023-07-31
300077.SZ,2014-08-27,2.564,2023-07-31
300078.SZ,2014-08-27,2.753,2023-07-31
300079.SZ,2014-08-27,6.187,2023-07-31
300080.SZ,2014-08-27,2.636,2023-07-31
300081.SZ,2014-08-27,2.013,2023-07-31
300082.SZ,2014-08-27,3.327,2023-07-31
300083.SZ,2014-08-27,2.049,2023-07-31
300084.SZ,2014-08-27,2.03,2023-07-31
300085.SZ,2014-08-27,4.21,2023-07-31
300086.SZ,2014-08-27,3.169,2023-07-31
300087.SZ,2014-08-27,3.082,2023-07-31
300088.SZ,2014-08-27,4.01,2023-07-31
300089.SZ,2014-08-27,1.513,2023-07-31
300090.SZ,2014-08-27,3.613,2023-07-31
300091.SZ,2014-08-27,2.541,2023-07-31
300092.SZ,2014-08-27,1.021,2023-07-31
300093.SZ,2014-08-27,1.82,2023-07-31
300094.SZ,2014-08-27,1.1,2023-07-31
300095.SZ,2014-08-27,2.661,2023-07-31
300096.SZ,2014-08-27,2.05,2023-07-31
300097.SZ,2014-08-27,2.016,2023-07-31
300098.SZ,2014-08-27,2.65,2023-07-31
300099.SZ,2014-08-27,5.339,2023-07-31
300100.SZ,2014-08-27,3.274,2023-07-31
300101.SZ,2014-08-27,4.06,2023-07-31
300102.SZ,2014-08-27,2.682,2023-07-31
300103.SZ,2014-08-27,3.35,2023-07-31
300104.SZ,2014-08-27,7.991,2023-07-31
300105.SZ,2014-08-27,5.92,2023-07-31
300106.SZ,2014-08-27,1.411,2023-07-31
300107.SZ,2014-08-27,4.083,2023-07-31
300108.SZ,2014-08-27,2.676,2023-07-31
300109.SZ,2014-08-27,3.268,2023-07-31
300110.SZ,2014-08-27,3.087,2023-07-31
300111.SZ,2014-08-27,2.244,2023-07-31
300112.SZ,2014-08-27,3.458,2023-07-31
300113.SZ,2014-08-27,4.961,2023-07-31
300114.SZ,2014-08-27,1.988,2023-07-31
300115.SZ,2014-08-27,6.116,2023-07-31
300116.SZ,2014-08-27,3.002,2023-07-31
300117.SZ,2014-08-27,3.042,2023-07-31
300118.SZ,2014-08-27,3.246,2023-07-31
300119.SZ,2014-08-27,5.451,2023-07-31
300120.SZ,2014-08-27,2.455,2023-07-31
300121.SZ,2014-08-27,4.744,2023-07-31
300122.SZ,2014-08-27,2.056,2023-07-31
300123.SZ,2014-08-27,3.347,2023-07-31
300124.SZ,2014-08-27,7.607,2023-07-31
300125.SZ,2014-08-27,2.03,2023-07-31
300126.SZ,2014-08-27,3.84,2023-07-31
300127.SZ,2014-08-27,2.156,2023-07-31
300128.SZ,2014-08-27,4.154,2023-07-31
300129.SZ,2014-08-27,2.769,2023-07-31
300130.SZ,2014-08-27,1.834,2023-07-31
300131.SZ,2014-08-27,4.491,2023-07-31
300132.SZ,2014-08-27,2.974,2023-07-31
300133.SZ,2014-08-27,10.441,2023-07-31
300134.SZ,2014-08-27,2.495,2023-07-31
300135.SZ,2014-08-27,6.708,2023-07-31
300136.SZ,2014-08-27,4.055,2023-07-31
300137.SZ,2014-08-27,2.721,2023-07-31
300138.SZ,2014-08-27,2.051,2023-07-31
300139.SZ,2014-08-27,2.058,2023-07-31
300140.SZ,2014-08-27,2.072,2023-07-31
300141.SZ,2014-08-27,3.074,2023-07-31
300142.SZ,2014-08-27,2.387,2023-07-31
300143.SZ,2014-08-27,2.237,2023-07-31
300144.SZ,2014-08-27,3.403,2023-07-31
300145.SZ,2014-08-27,3.326,2023-07-31
300146.SZ,2014-08-27,12.552,2023-07-31
300147.SZ,2014-08-27,4.243,2023-07-31
300148.SZ,2014-08-27,3.115,2023-07-31
300149.SZ,2014-08-27,4.602,2023-07-31
300150.SZ,2014-08-27,2.201,2023-07-31
300151.SZ,2014-08-27,3.189,2023-07-31
300152.SZ,2014-08-27,2.288,2023-07-31
300153.SZ,2014-08-27,2.1,2023-07-31
300154.SZ,2014-08-27,2.131,2023-07-31
300155.SZ,2014-08-27,5.345,2023-07-31
300156.SZ,2014-08-27,3.656,2023-07-31
300157.SZ,2014-08-27,6.071,2023-07-31
300158.SZ,2014-08-27,2.07,2023-07-31
300159.SZ,2014-08-27,9.084,2023-07-31
300160.SZ,2014-08-27,2.073,2023-07-31
300161.SZ,2014-08-27,1.538,2023-07-31
300162.SZ,2014-08-27,2.068,2023-07-31
300163.SZ,2014-08-27,2.093,2023-07-31
300164.SZ,2014-08-27,5.984,2023-07-31
300165.SZ,2014-08-27,2.166,2023-07-31
300166.SZ,2014-08-27,5.837,2023-07-31
300167.SZ,2014-08-27,6.914,2023-07-31
300168.SZ,2014-08-27,4.06,2023-07-31
300169.SZ,2014-08-27,3.076,2023-07-31
300170.SZ,2014-08-27,4.326,2023-07-31
300171.SZ,2014-08-27,4.106,2023-07-31
300172.SZ,2014-08-27,1.736,2023-07-31
300173.SZ,2014-08-27,1.758,2023-07-31
300174.SZ,2014-08-27,2.067,2023-07-31
300175.SZ,2014-08-27,4.423,2023-07-31
300176.SZ,2014-08-27,1.242,2023-07-31
300177.SZ,2014-08-27,8.109,2023-07-31
300178.SZ,2014-08-27,2.05,2023-07-31
300179.SZ,2014-08-27,2.775,2023-07-31
300180.SZ,2014-08-27,1.029,2023-07-31
300181.SZ,2014-08-27,4.109,2023-07-31
300182.SZ,2014-08-27,8.088,2023-07-31
300183.SZ,2014-08-27,2.306,2023-07-31
300184.SZ,2014-08-27,2.388,2023-07-31
300185.SZ,2014-08-27,2.619,2023-07-31
300186.SZ,2014-08-27,2.272,2023-07-31
300187.SZ,2014-08-27,3.025,2023-07-31
300188.SZ,2014-08-27,4.044,2023-07-31
300189.SZ,2014-08-27,2.602,2023-07-31
300190.SZ,2014-08-27,2.967,2023-07-31
300191.SZ,2014-08-27,4.07,2023-07-31
300192.SZ,2014-08-27,1.544,2023-07-31
300193.SZ,2014-08-27,1.065,2023-07-31
300194.SZ,2014-08-27,2.017,2023-07-31
300195.SZ,2014-08-27,1.512,2023-07-31
300196.SZ,2014-08-27,1.635,2023-07-31
300197.SZ,2014-08-27,8.34,2023-07-31
300198.SZ,2014-08-27,4.609,2023-07-31
300199.SZ,2014-08-27,4.073,2023-07-31
300200.SZ,2014-08-27,2.132,2023-07-31
300201.SZ,2014-08-27,4.433,2023-07-31
300202.SZ,2014-08-27,6.55,2023-07-31
300203.SZ,2014-08-27,1.011,2023-07-31
300204.SZ,2014-08-27,3.66,2023-07-31
300205.SZ,2014-08-27,5.528,2023-07-31
300206.SZ,2014-08-27,2.031,2023-07-31
300207.SZ,2014-08-27,1.319,2023-07-31
300208.SZ,2014-08-27,4.092,2023-07-31
300209.SZ,2014-08-27,2.013,2023-07-31
300210.SZ,2014-08-27,3.29,2023-07-31
300211.SZ,2014-08-27,1.746,2023-07-31
300212.SZ,2014-08-27,4.819,2023-07-31
300213.SZ,2014-08-27,3.041,2023-07-31
300214.SZ,2014-08-27,3.065,2023-07-31
300215.SZ,2014-08-27,16.665,2023-07-31
300216.SZ,2014-08-27,2.665,2023-07-31
300217.SZ,2014-08-27,2.255,2023-07-31
300218.SZ,2014-08-27,2.05,2023-07-31
300219.SZ,2014-08-27,2.021,2023-07-31
300220.SZ,2014-08-27,2.009,2023-07-31
300221.SZ,2014-08-27,2.062,2023-07-31
300222.SZ,2014-08-27,1.839,2023-07-31
300223.SZ,2014-08-27,1.37,2023-07-31
300224.SZ,2014-08-27,1.543,2023-07-31
300225.SZ,2014-08-27,4.258,2023-07-31
300226.SZ,2014-08-27,3.931,2023-07-31
300227.SZ,2014-08-27,2.027,2023-07-31
300228.SZ,2014-08-27,2.009,2023-07-31
300229.SZ,2014-08-27,1.731,2023-07-31
300230.SZ,2014-08-27,1.867,2023-07-31
300231.SZ,2014-08-27,5.515,2023-07-31
300232.SZ,2014-08-27,1.314,2023-07-31
300233.SZ,2014-08-27,1.036,2023-07-31
300234.SZ,2014-08-27,3.349,2023-07-31
300235.SZ,2014-08-27,3.662,2023-07-31
300236.SZ,2014-08-27,1.04,2023-07-31
300237.SZ,2014-08-27,1.868,2023-07-31
300238.SZ,2014-08-27,2.022,2023-07-31
300239.SZ,2014-08-27,2.644,2023-07-31
300240.SZ,2014-08-27,1.566,2023-07-31
300241.SZ,2014-08-27,1.999,2023-07-31
300242.SZ,2014-08-27,1.022,2023-07-31
300243.SZ,2014-08-27,3.888,2023-07-31
300244.SZ,2014-08-27,4.024,2023-07-31
300245.SZ,2014-08-27,2.654,2023-07-31
300246.SZ,2014-08-27,3.698,2023-07-31
300247.SZ,2014-08-27,3.112,2023-07-31
300248.SZ,2014-08-27,3.263,2023-07-31
300249.SZ,2014-08-27,2.027,2023-07-31
300250.SZ,2014-08-27,2.047,2023-07-31
300251.SZ,2014-08-27,9.532,2023-07-31
300252.SZ,2014-08-27,1.503,2023-07-31
300253.SZ,2014-08-27,4.023,2023-07-31
300254.SZ,2014-08-27,1.023,2023-07-31
300255.SZ,2014-08-27,1.725,2023-07-31
300256.SZ,2014-08-27,1.523,2023-07-31
300257.SZ,2014-08-27,3.106,2023-07-31
300258.SZ,2014-08-27,1.86,2023-07-31
300259.SZ,2014-08-27,3.68,2023-07-31
300260.SZ,2014-08-27,1.523,2023-07-31
300261.SZ,2014-08-27,3.43,2023-07-31
300262.SZ,2014-08-27,4.009,2023-07-31
300263.SZ,2014-08-27,4.096,2023-07-31
300264.SZ,2014-08-27,2.288,2023-07-31
300265.SZ,2014-08-27,1.02,2023-07-31
300266.SZ,2014-08-27,2.311,2023-07-31
300267.SZ,2014-08-27,2.522,2023-07-31
300268.SZ,2014-08-27,2.027,2023-07-31
300269.SZ,2014-08-27,1.656,2023-07-31
300270.SZ,2014-08-27,3.027,2023-07-31
300271.SZ,2014-08-27,2.11,2023-07-31
300272.SZ,2014-08-27,2.387,2023-07-31
300273.SZ,2014-08-27,4.419,2023-07-31
300274.SZ,2014-08-27,3.658,2023-07-31
300275.SZ,2014-08-27,2.878,2023-07-31
300276.SZ,2014-08-27,4.213,2023-07-31
300277.SZ,2014-08-27,2.069,2023-07-31
300278.SZ,2014-08-27,2.026,2023-07-31
300279.SZ,2014-08-27,2.038,2023-07-31
300280.SZ,2014-08-27,1.018,2023-07-31
300281.SZ,2014-08-27,2.036,2023-07-31
300282.SZ,2014-08-27,1.58,2023-07-31
300283.SZ,2014-08-27,2.035,2023-07-31
300284.SZ,2014-08-27,2.09,2023-07-31
300285.SZ,2014-08-27,2.026,2023-07-31
300286.SZ,2014-08-27,4.176,2023-07-31
300287.SZ,2014-08-27,3.042,2023-07-31
300288.SZ,2014-08-27,2.02,2023-07-31
300289.SZ,2014-08-27,1.016,2023-07-31
300290.SZ,2014-08-27,2.052,2023-07-31
300291.SZ,2014-08-27,4.46,2023-07-31
300292.SZ,2014-08-27,2.291,2023-07-31
300293.SZ,2014-08-27,4.591,2023-07-31
300294.SZ,2014-08-27,1.034,2023-07-31
300295.SZ,2014-08-27,1.042,2023-07-31
300296.SZ,2014-08-27,3.049,2023-07-31
300297.SZ,2014-08-27,2.011,2023-07-31
300298.SZ,2014-08-27,2.321,2023-07-31
300299.SZ,2014-08-27,2.74,2023-07-31
300300.SZ,2014-08-27,2.218,2023-07-31
300301.SZ,2014-08-27,2.528,2023-07-31
300302.SZ,2014-08-27,1.814,2023-07-31
300303.SZ,2014-08-27,3.647,2023-07-31
300304.SZ,2014-08-27,1.045,2023-07-31
300305.SZ,2014-08-27,1.85,2023-07-31
300306.SZ,2014-08-27,2.032,2023-07-31
300307.SZ,2014-08-27,2.094,2023-07-31
300308.SZ,2014-08-27,1.83,2023-07-31
300309.SZ,2014-08-27,2.019,2023-07-31
300310.SZ,2014-08-27,2.641,2023-07-31
300311.SZ,2014-08-27,1.624,2023-07-31
300312.SZ,2014-08-27,1.513,2023-07-31
300313.SZ,2014-08-27,1.012,2023-07-31
300314.SZ,2014-08-27,2.038,2023-07-31
300315.SZ,2014-08-27,6.396,2023-07-31
300316.SZ,2014-08-27,3.108,2023-07-31
300317.SZ,2014-08-27,1.013,2023-07-31
300318.SZ,2014-08-27,1.613,2023-07-31
300319.SZ,2014-08-27,1.044,2023-07-31
300320.SZ,2014-08-27,2.058,2023-07-31
300321.SZ,2014-08-27,1.022,2023-07-31
300322.SZ,2014-08-27,2.42,2023-07-31
300323.SZ,2014-08-27,2.27,2023-07-31
300324.SZ,2014-08-27,4.09,2023-07-31
300325.SZ,2014-08-27,4.067,2023-07-31
300326.SZ,2014-08-27,3.052,2023-07-31
300327.SZ,2014-08-27,1.301,2023-07-31
300328.SZ,2014-08-27,1.01,2023-07-31
300329.SZ,2014-08-27,2.04,2023-07-31
300330.SZ,2014-08-27,2.165,2023-07-31
300331.SZ,2014-08-27,1.519,2023-07-31
300332.SZ,2014-08-27,1.012,2023-07-31
300333.SZ,2014-08-27,1.079,2023-07-31
300334.SZ,2014-08-27,2.259,2023-07-31
300335.SZ,2014-08-27,2.295,2023-07-31
300336.SZ,2014-08-27,2.047,2023-07-31
300337.SZ,2014-08-27,2.014,2023-07-31
300338.SZ,2014-08-27,2.188,2023-07-31
300339.SZ,2014-08-27,3.094,2023-07-31
300340.SZ,2014-08-27,2.012,2023-07-31
300341.SZ,2014-08-27,2.027,2023-07-31
300342.SZ,2014-08-27,1.042,2023-07-31
300343.SZ,2014-08-27,2.028,2023-07-31
300344.SZ,2014-08-27,2.416,2023-07-31
300345.SZ,2014-08-27,1.027,2023-07-31
300346.SZ,2014-08-27,2.057,2023-07-31
300347.SZ,2014-08-27,4.056,2023-07-31
300348.SZ,2014-08-27,1.016,2023-07-31
300349.SZ,2014-08-27,3.015,2023-07-31
300350.SZ,2014-08-27,1.009,2023-07-31
300351.SZ,2014-08-27,2.012,2023-07-31
300352.SZ,2014-08-27,4.025,2023-07-31
300353.SZ,2014-08-27,3.232,2023-07-31
300354.SZ,2014-08-27,1.992,2023-07-31
300355.SZ,2014-08-27,3.019,2023-07-31
300356.SZ,2014-08-27,1.529,2023-07-31
300357.SZ,2014-08-27,1.611,2023-07-31
300358.SZ,2014-08-27,1.611,2023-07-31
300359.SZ,2014-08-27,1.504,2023-07-31
300360.SZ,2014-08-27,1.512,2023-07-31
300362.SZ,2014-08-27,1.008,2023-07-31
300363.SZ,2014-08-27,1.001,2023-07-31
300365.SZ,2014-08-27,1.803,2023-07-31
300366.SZ,2014-08-27,1.002,2023-07-31
300367.SZ,2014-08-27,2.003,2023-07-31
300368.SZ,2014-08-27,2.021,2023-07-31
300369.SZ,2014-08-27,1.605,2023-07-31
300370.SZ,2014-08-27,2.011,2023-07-31
300371.SZ,2014-08-27,2.009,2023-07-31
300372.SZ,2014-08-27,1.007,2023-07-31
300373.SZ,2014-08-27,2.006,2023-07-31
300375.SZ,2014-08-27,1.011,2023-07-31
300376.SZ,2014-08-27,1.006,2023-07-31
300377.SZ,2014-08-27,1.005,2023-07-31
300378.SZ,2014-08-27,1.312,2023-07-31
300379.SZ,2014-08-27,1.003,2023-07-31
300380.SZ,2014-08-27,1.005,2023-07-31
300381.SZ,2014-08-27,1.012,2023-07-31
300382.SZ,2014-08-27,1.008,2023-07-31
300383.SZ,2014-08-27,2.007,2023-07-31
300384.SZ,2014-08-27,1.0,2023-07-31
300385.SZ,2014-08-27,1.0,2023-07-31
300386.SZ,2014-08-27,1.0,2023-07-31
300387.SZ,2014-08-27,1.0,2023-07-31
300388.SZ,2014-08-27,1.0,2023-07-31
300389.SZ,2014-08-27,1.0,2023-07-31
300390.SZ,2014-08-27,1.0,2023-07-31
300391.SZ,2014-08-27,1.0,2023-07-31
600000.SH,2014-08-27,7.82,2023-07-31
600004.SH,2014-08-27,1.637,2023-07-31
600005.SH,2014-08-27,5.262,2023-07-31
600006.SH,2014-08-27,3.48,2023-07-31
600007.SH,2014-08-27,1.618,2023-07-31
600008.SH,2014-08-27,3.518,2023-07-31
600009.SH,2014-08-27,2.874,2023-07-31
600010.SH,2014-08-27,2.958,2023-07-31
600011.SH,2014-08-27,3.938,2023-07-31
600012.SH,2014-08-27,1.975,2023-07-31
600015.SH,2014-08-27,2.686,2023-07-31
600016.SH,2014-08-27,18.325,2023-07-31
600017.SH,2014-08-27,3.203,2023-07-31
600018.SH,2014-08-27,1.241,2023-07-31
600019.SH,2014-08-27,2.025,2023-07-31
600020.SH,2014-08-27,3.557,2023-07-31
600021.SH,2014-08-27,1.936,2023-07-31
600022.SH,2014-08-27,4.273,2023-07-31
600023.SH,2014-08-27,1.342,2023-07-31
600026.SH,2014-08-27,1.591,2023-07-31
600027.SH,2014-08-27,1.506,2023-07-31
600028.SH,2014-08-27,2.351,2023-07-31
600029.SH,2014-08-27,1.623,2023-07-31
600030.SH,2014-08-27,4.947,2023-07-31
600031.SH,2014-08-27,45.186,2023-07-31
600033.SH,2014-08-27,5.954,2023-07-31
600035.SH,2014-08-27,2.172,2023-07-31
600036.SH,2014-08-27,4.148,2023-07-31
600037.SH,2014-08-27,4.948,2023-07-31
600038.SH,2014-08-27,2.949,2023-07-31
600039.SH,2014-08-27,3.636,2023-07-31
600048.SH,2014-08-27,17.516,2023-07-31
600050.SH,2014-08-27,1.513,2023-07-31
600051.SH,2014-08-27,4.256,2023-07-31
600052.SH,2014-08-27,3.283,2023-07-31
600053.SH,2014-08-27,2.136,2023-07-31
600054.SH,2014-08-27,2.76,2023-07-31
600055.SH,2014-08-27,6.323,2023-07-31
600056.SH,2014-08-27,8.536,2023-07-31
600057.SH,2014-08-27,5.665,2023-07-31
600058.SH,2014-08-27,4.751,2023-07-31
600059.SH,2014-08-27,7.873,2023-07-31
600060.SH,2014-08-27,5.298,2023-07-31
600061.SH,2014-08-27,5.721,2023-07-31
600062.SH,2014-08-27,5.134,2023-07-31
600063.SH,2014-08-27,13.122,2023-07-31
600064.SH,2014-08-27,6.529,2023-07-31
600066.SH,2014-08-27,22.263,2023-07-31
600067.SH,2014-08-27,20.157,2023-07-31
600068.SH,2014-08-27,5.407,2023-07-31
600069.SH,2014-08-27,4.932,2023-07-31
600070.SH,2014-08-27,7.357,2023-07-31
600071.SH,2014-08-27,5.748,2023-07-31
600072.SH,2014-08-27,4.179,2023-07-31
600073.SH,2014-08-27,3.019,2023-07-31
600074.SH,2014-08-27,9.579,2023-07-31
600075.SH,2014-08-27,7.29,2023-07-31
600076.SH,2014-08-27,3.174,2023-07-31
600077.SH,2014-08-27,8.137,2023-07-31
600078.SH,2014-08-27,6.524,2023-07-31
600079.SH,2014-08-27,6.492,2023-07-31
600080.SH,2014-08-27,5.067,2023-07-31
600081.SH,2014-08-27,8.862,2023-07-31
600082.SH,2014-08-27,5.967,2023-07-31
600083.SH,2014-08-27,1.0,2023-07-31
600084.SH,2014-08-27,7.186,2023-07-31
600085.SH,2014-08-27,10.676,2023-07-31
600086.SH,2014-08-27,3.208,2023-07-31
600088.SH,2014-08-27,2.942,2023-07-31
600089.SH,2014-08-27,32.836,2023-07-31
600090.SH,2014-08-27,4.889,2023-07-31
600091.SH,2014-08-27,2.575,2023-07-31
600093.SH,2014-08-27,3.131,2023-07-31
600094.SH,2014-08-27,2.672,2023-07-31
600095.SH,2014-08-27,3.308,2023-07-31
600096.SH,2014-08-27,2.467,2023-07-31
600097.SH,2014-08-27,1.404,2023-07-31
600098.SH,2014-08-27,4.923,2023-07-31
600099.SH,2014-08-27,2.727,2023-07-31
600100.SH,2014-08-27,20.533,2023-07-31
600101.SH,2014-08-27,4.128,2023-07-31
600103.SH,2014-08-27,4.119,2023-07-31
600104.SH,2014-08-27,7.007,2023-07-31
600105.SH,2014-08-27,4.121,2023-07-31
600106.SH,2014-08-27,4.943,2023-07-31
600107.SH,2014-08-27,2.589,2023-07-31
600108.SH,2014-08-27,9.695,2023-07-31
600109.SH,2014-08-27,4.209,2023-07-31
600110.SH,2014-08-27,13.984,2023-07-31
600111.SH,2014-08-27,12.909,2023-07-31
600112.SH,2014-08-27,4.034,2023-07-31
600113.SH,2014-08-27,4.105,2023-07-31
600114.SH,2014-08-27,3.733,2023-07-31
600115.SH,2014-08-27,1.34,2023-07-31
600116.SH,2014-08-27,1.938,2023-07-31
600117.SH,2014-08-27,2.75,2023-07-31
600118.SH,2014-08-27,16.388,2023-07-31
600119.SH,2014-08-27,2.891,2023-07-31
600120.SH,2014-08-27,17.378,2023-07-31
600121.SH,2014-08-27,4.059,2023-07-31
600122.SH,2014-08-27,5.809,2023-07-31
600123.SH,2014-08-27,6.999,2023-07-31
600125.SH,2014-08-27,15.416,2023-07-31
600126.SH,2014-08-27,3.935,2023-07-31
600127.SH,2014-08-27,5.087,2023-07-31
600128.SH,2014-08-27,2.895,2023-07-31
600129.SH,2014-08-27,3.033,2023-07-31
600130.SH,2014-08-27,6.031,2023-07-31
600131.SH,2014-08-27,5.025,2023-07-31
600132.SH,2014-08-27,4.875,2023-07-31
600133.SH,2014-08-27,4.045,2023-07-31
600135.SH,2014-08-27,2.818,2023-07-31
600136.SH,2014-08-27,1.236,2023-07-31
600137.SH,2014-08-27,1.5,2023-07-31
600138.SH,2014-08-27,3.423,2023-07-31
600139.SH,2014-08-27,8.959,2023-07-31
600141.SH,2014-08-27,2.589,2023-07-31
600143.SH,2014-08-27,17.838,2023-07-31
600145.SH,2014-08-27,3.867,2023-07-31
600146.SH,2014-08-27,1.32,2023-07-31
600148.SH,2014-08-27,2.759,2023-07-31
600149.SH,2014-08-27,2.889,2023-07-31
600150.SH,2014-08-27,3.278,2023-07-31
600151.SH,2014-08-27,4.722,2023-07-31
600152.SH,2014-08-27,3.059,2023-07-31
600153.SH,2014-08-27,13.191,2023-07-31
600155.SH,2014-08-27,2.897,2023-07-31
600156.SH,2014-08-27,1.896,2023-07-31
600157.SH,2014-08-27,38.508,2023-07-31
600158.SH,2014-08-27,6.409,2023-07-31
600159.SH,2014-08-27,4.687,2023-07-31
600160.SH,2014-08-27,7.527,2023-07-31
600161.SH,2014-08-27,5.289,2023-07-31
600162.SH,2014-08-27,4.31,2023-07-31
600163.SH,2014-08-27,2.351,2023-07-31
600165.SH,2014-08-27,1.989,2023-07-31
600166.SH,2014-08-27,12.76,2023-07-31
600167.SH,2014-08-27,1.36,2023-07-31
600168.SH,2014-08-27,2.052,2023-07-31
600169.SH,2014-08-27,10.144,2023-07-31
600170.SH,2014-08-27,6.913,2023-07-31
600171.SH,2014-08-27,2.705,2023-07-31
600172.SH,2014-08-27,5.152,2023-07-31
600173.SH,2014-08-27,2.086,2023-07-31
600175.SH,2014-08-27,16.961,2023-07-31
600176.SH,2014-08-27,4.232,2023-07-31
600177.SH,2014-08-27,15.061,2023-07-31
600178.SH,2014-08-27,2.095,2023-07-31
600179.SH,2014-08-27,1.605,2023-07-31
600180.SH,2014-08-27,2.711,2023-07-31
600182.SH,2014-08-27,1.06,2023-07-31
600183.SH,2014-08-27,7.108,2023-07-31
600184.SH,2014-08-27,1.608,2023-07-31
600185.SH,2014-08-27,2.315,2023-07-31
600186.SH,2014-08-27,5.023,2023-07-31
600187.SH,2014-08-27,4.558,2023-07-31
600188.SH,2014-08-27,2.609,2023-07-31
600189.SH,2014-08-27,2.076,2023-07-31
600190.SH,2014-08-27,2.606,2023-07-31
600191.SH,2014-08-27,2.516,2023-07-31
600192.SH,2014-08-27,1.764,2023-07-31
600193.SH,2014-08-27,6.699,2023-07-31
600195.SH,2014-08-27,2.484,2023-07-31
600196.SH,2014-08-27,13.069,2023-07-31
600197.SH,2014-08-27,3.376,2023-07-31
600198.SH,2014-08-27,1.814,2023-07-31
600199.SH,2014-08-27,4.675,2023-07-31
600200.SH,2014-08-27,10.969,2023-07-31
600201.SH,2014-08-27,3.942,2023-07-31
600202.SH,2014-08-27,4.913,2023-07-31
600203.SH,2014-08-27,1.67,2023-07-31
600206.SH,2014-08-27,4.148,2023-07-31
600207.SH,2014-08-27,1.555,2023-07-31
600208.SH,2014-08-27,6.462,2023-07-31
600209.SH,2014-08-27,3.493,2023-07-31
600210.SH,2014-08-27,6.854,2023-07-31
600211.SH,2014-08-27,1.521,2023-07-31
600212.SH,2014-08-27,2.718,2023-07-31
600213.SH,2014-08-27,1.571,2023-07-31
600215.SH,2014-08-27,2.154,2023-07-31
600216.SH,2014-08-27,5.54,2023-07-31
600217.SH,2014-08-27,4.518,2023-07-31
600218.SH,2014-08-27,1.96,2023-07-31
600219.SH,2014-08-27,2.365,2023-07-31
600220.SH,2014-08-27,8.388,2023-07-31
600221.SH,2014-08-27,3.112,2023-07-31
600222.SH,2014-08-27,4.059,2023-07-31
600223.SH,2014-08-27,1.821,2023-07-31
600225.SH,2014-08-27,2.683,2023-07-31
600226.SH,2014-08-27,5.627,2023-07-31
600227.SH,2014-08-27,5.75,2023-07-31
600228.SH,2014-08-27,2.169,2023-07-31
600229.SH,2014-08-27,1.369,2023-07-31
600230.SH,2014-08-27,1.507,2023-07-31
600231.SH,2014-08-27,3.708,2023-07-31
600232.SH,2014-08-27,2.577,2023-07-31
600233.SH,2014-08-27,2.424,2023-07-31
600234.SH,2014-08-27,2.353,2023-07-31
600235.SH,2014-08-27,2.195,2023-07-31
600236.SH,2014-08-27,4.37,2023-07-31
600237.SH,2014-08-27,4.203,2023-07-31
600238.SH,2014-08-27,4.012,2023-07-31
600239.SH,2014-08-27,9.272,2023-07-31
600240.SH,2014-08-27,7.639,2023-07-31
600241.SH,2014-08-27,2.503,2023-07-31
600242.SH,2014-08-27,1.088,2023-07-31
600243.SH,2014-08-27,1.59,2023-07-31
600246.SH,2014-08-27,12.13,2023-07-31
600247.SH,2014-08-27,4.678,2023-07-31
600248.SH,2014-08-27,2.741,2023-07-31
600249.SH,2014-08-27,4.419,2023-07-31
600250.SH,2014-08-27,2.71,2023-07-31
600251.SH,2014-08-27,4.165,2023-07-31
600252.SH,2014-08-27,11.289,2023-07-31
600255.SH,2014-08-27,5.416,2023-07-31
600256.SH,2014-08-27,36.702,2023-07-31
600257.SH,2014-08-27,6.524,2023-07-31
600258.SH,2014-08-27,1.662,2023-07-31
600259.SH,2014-08-27,1.051,2023-07-31
600260.SH,2014-08-27,4.322,2023-07-31
600261.SH,2014-08-27,10.763,2023-07-31
600262.SH,2014-08-27,1.466,2023-07-31
600265.SH,2014-08-27,1.659,2023-07-31
600266.SH,2014-08-27,3.714,2023-07-31
600267.SH,2014-08-27,6.703,2023-07-31
600268.SH,2014-08-27,6.921,2023-07-31
600269.SH,2014-08-27,9.819,2023-07-31
600270.SH,2014-08-27,5.307,2023-07-31
600271.SH,2014-08-27,8.883,2023-07-31
600272.SH,2014-08-27,1.249,2023-07-31
600273.SH,2014-08-27,1.433,2023-07-31
600275.SH,2014-08-27,2.756,2023-07-31
600276.SH,2014-08-27,15.033,2023-07-31
600277.SH,2014-08-27,3.92,2023-07-31
600278.SH,2014-08-27,2.049,2023-07-31
600279.SH,2014-08-27,1.5,2023-07-31
600280.SH,2014-08-27,5.64,2023-07-31
600281.SH,2014-08-27,1.933,2023-07-31
600282.SH,2014-08-27,5.328,2023-07-31
600283.SH,2014-08-27,1.606,2023-07-31
600284.SH,2014-08-27,2.196,2023-07-31
600285.SH,2014-08-27,6.466,2023-07-31
600287.SH,2014-08-27,4.759,2023-07-31
600288.SH,2014-08-27,4.521,2023-07-31
600289.SH,2014-08-27,7.302,2023-07-31
600290.SH,2014-08-27,4.983,2023-07-31
600291.SH,2014-08-27,3.214,2023-07-31
600292.SH,2014-08-27,3.127,2023-07-31
600293.SH,2014-08-27,2.169,2023-07-31
600295.SH,2014-08-27,2.927,2023-07-31
600297.SH,2014-08-27,3.214,2023-07-31
600298.SH,2014-08-27,3.072,2023-07-31
600299.SH,2014-08-27,2.756,2023-07-31
600300.SH,2014-08-27,7.032,2023-07-31
600301.SH,2014-08-27,1.764,2023-07-31
600302.SH,2014-08-27,2.973,2023-07-31
600303.SH,2014-08-27,6.376,2023-07-31
600305.SH,2014-08-27,2.801,2023-07-31
600306.SH,2014-08-27,1.719,2023-07-31
600307.SH,2014-08-27,4.229,2023-07-31
600308.SH,2014-08-27,6.399,2023-07-31
600309.SH,2014-08-27,26.964,2023-07-31
600310.SH,2014-08-27,2.648,2023-07-31
600311.SH,2014-08-27,4.499,2023-07-31
600312.SH,2014-08-27,5.738,2023-07-31
600313.SH,2014-08-27,1.652,2023-07-31
600315.SH,2014-08-27,5.128,2023-07-31
600316.SH,2014-08-27,4.349,2023-07-31
600317.SH,2014-08-27,10.776,2023-07-31
600318.SH,2014-08-27,1.575,2023-07-31
600319.SH,2014-08-27,1.471,2023-07-31
600320.SH,2014-08-27,10.7,2023-07-31
600321.SH,2014-08-27,7.736,2023-07-31
600322.SH,2014-08-27,3.129,2023-07-31
600323.SH,2014-08-27,3.466,2023-07-31
600325.SH,2014-08-27,4.07,2023-07-31
600326.SH,2014-08-27,5.906,2023-07-31
600327.SH,2014-08-27,7.533,2023-07-31
600328.SH,2014-08-27,2.873,2023-07-31
600329.SH,2014-08-27,2.942,2023-07-31
600330.SH,2014-08-27,4.02,2023-07-31
600331.SH,2014-08-27,9.0,2023-07-31
600332.SH,2014-08-27,1.414,2023-07-31
600333.SH,2014-08-27,2.593,2023-07-31
600335.SH,2014-08-27,3.37,2023-07-31
600336.SH,2014-08-27,3.006,2023-07-31
600337.SH,2014-08-27,5.357,2023-07-31
600338.SH,2014-08-27,1.257,2023-07-31
600339.SH,2014-08-27,3.934,2023-07-31
600340.SH,2014-08-27,7.859,2023-07-31
600343.SH,2014-08-27,3.036,2023-07-31
600345.SH,2014-08-27,1.889,2023-07-31
600346.SH,2014-08-27,2.867,2023-07-31
600348.SH,2014-08-27,7.9,2023-07-31
600350.SH,2014-08-27,1.854,2023-07-31
600351.SH,2014-08-27,6.755,2023-07-31
600352.SH,2014-08-27,8.406,2023-07-31
600353.SH,2014-08-27,3.628,2023-07-31
600354.SH,2014-08-27,2.983,2023-07-31
600355.SH,2014-08-27,2.91,2023-07-31
600356.SH,2014-08-27,1.932,2023-07-31
600358.SH,2014-08-27,3.527,2023-07-31
600359.SH,2014-08-27,1.583,2023-07-31
600360.SH,2014-08-27,6.8,2023-07-31
600361.SH,2014-08-27,4.827,2023-07-31
600362.SH,2014-08-27,1.514,2023-07-31
600363.SH,2014-08-27,3.183,2023-07-31
600365.SH,2014-08-27,1.318,2023-07-31
600366.SH,2014-08-27,6.121,2023-07-31
600367.SH,2014-08-27,4.273,2023-07-31
600368.SH,2014-08-27,2.313,2023-07-31
600369.SH,2014-08-27,2.18,2023-07-31
600370.SH,2014-08-27,2.53,2023-07-31
600371.SH,2014-08-27,2.612,2023-07-31
600372.SH,2014-08-27,2.957,2023-07-31
600373.SH,2014-08-27,3.903,2023-07-31
600375.SH,2014-08-27,3.748,2023-07-31
600376.SH,2014-08-27,7.365,2023-07-31
600377.SH,2014-08-27,2.191,2023-07-31
600378.SH,2014-08-27,3.558,2023-07-31
600379.SH,2014-08-27,1.906,2023-07-31
600380.SH,2014-08-27,9.31,2023-07-31
600381.SH,2014-08-27,1.019,2023-07-31
600382.SH,2014-08-27,2.986,2023-07-31
600383.SH,2014-08-27,12.701,2023-07-31
600385.SH,2014-08-27,2.42,2023-07-31
600386.SH,2014-08-27,2.561,2023-07-31
600387.SH,2014-08-27,2.796,2023-07-31
600388.SH,2014-08-27,3.159,2023-07-31
600389.SH,2014-08-27,1.99,2023-07-31
600390.SH,2014-08-27,4.629,2023-07-31
600391.SH,2014-08-27,2.342,2023-07-31
600392.SH,2014-08-27,2.997,2023-07-31
600393.SH,2014-08-27,4.258,2023-07-31
600395.SH,2014-08-27,4.185,2023-07-31
600396.SH,2014-08-27,6.43,2023-07-31
600397.SH,2014-08-27,3.985,2023-07-31
600398.SH,2014-08-27,6.69,2023-07-31
600399.SH,2014-08-27,1.368,2023-07-31
600400.SH,2014-08-27,3.693,2023-07-31
600401.SH,2014-08-27,6.285,2023-07-31
600403.SH,2014-08-27,5.092,2023-07-31
600405.SH,2014-08-27,6.244,2023-07-31
600406.SH,2014-08-27,24.784,2023-07-31
600408.SH,2014-08-27,4.214,2023-07-31
600409.SH,2014-08-27,5.888,2023-07-31
600410.SH,2014-08-27,8.874,2023-07-31
600415.SH,2014-08-27,19.145,2023-07-31
600416.SH,2014-08-27,3.389,2023-07-31
600418.SH,2014-08-27,5.96,2023-07-31
600419.SH,2014-08-27,1.368,2023-07-31
600420.SH,2014-08-27,4.399,2023-07-31
600421.SH,2014-08-27,1.921,2023-07-31
600422.SH,2014-08-27,4.694,2023-07-31
600423.SH,2014-08-27,3.335,2023-07-31
600425.SH,2014-08-27,5.87,2023-07-31
600426.SH,2014-08-27,5.004,2023-07-31
600428.SH,2014-08-27,6.269,2023-07-31
600429.SH,2014-08-27,1.423,2023-07-31
600432.SH,2014-08-27,4.937,2023-07-31
600433.SH,2014-08-27,6.243,2023-07-31
600435.SH,2014-08-27,6.682,2023-07-31
600436.SH,2014-08-27,1.695,2023-07-31
600438.SH,2014-08-27,5.083,2023-07-31
600439.SH,2014-08-27,12.487,2023-07-31
600444.SH,2014-08-27,1.995,2023-07-31
600446.SH,2014-08-27,5.407,2023-07-31
600448.SH,2014-08-27,1.822,2023-07-31
600449.SH,2014-08-27,3.41,2023-07-31
600452.SH,2014-08-27,1.533,2023-07-31
600455.SH,2014-08-27,1.13,2023-07-31
600456.SH,2014-08-27,2.583,2023-07-31
600458.SH,2014-08-27,7.837,2023-07-31
600459.SH,2014-08-27,2.791,2023-07-31
600460.SH,2014-08-27,14.69,2023-07-31
600461.SH,2014-08-27,2.201,2023-07-31
600462.SH,2014-08-27,4.519,2023-07-31
600463.SH,2014-08-27,2.881,2023-07-31
600466.SH,2014-08-27,4.239,2023-07-31
600467.SH,2014-08-27,4.453,2023-07-31
600468.SH,2014-08-27,5.811,2023-07-31
600469.SH,2014-08-27,1.617,2023-07-31
600470.SH,2014-08-27,2.375,2023-07-31
600475.SH,2014-08-27,2.428,2023-07-31
600476.SH,2014-08-27,2.053,2023-07-31
600477.SH,2014-08-27,8.338,2023-07-31
600478.SH,2014-08-27,3.787,2023-07-31
600479.SH,2014-08-27,8.985,2023-07-31
600480.SH,2014-08-27,1.959,2023-07-31
600481.SH,2014-08-27,4.26,2023-07-31
600482.SH,2014-08-27,2.833,2023-07-31
600483.SH,2014-08-27,2.294,2023-07-31
600485.SH,2014-08-27,2.822,2023-07-31
600486.SH,2014-08-27,2.962,2023-07-31
600487.SH,2014-08-27,2.442,2023-07-31
600488.SH,2014-08-27,6.817,2023-07-31
600489.SH,2014-08-27,10.878,2023-07-31
600490.SH,2014-08-27,13.974,2023-07-31
600491.SH,2014-08-27,10.44,2023-07-31
600493.SH,2014-08-27,2.52,2023-07-31
600495.SH,2014-08-27,4.097,2023-07-31
600496.SH,2014-08-27,4.425,2023-07-31
600497.SH,2014-08-27,9.922,2023-07-31
600498.SH,2014-08-27,3.415,2023-07-31
600499.SH,2014-08-27,14.179,2023-07-31
600500.SH,2014-08-27,5.991,2023-07-31
600501.SH,2014-08-27,4.711,2023-07-31
600502.SH,2014-08-27,5.741,2023-07-31
600503.SH,2014-08-27,3.003,2023-07-31
600505.SH,2014-08-27,3.232,2023-07-31
600506.SH,2014-08-27,1.327,2023-07-31
600507.SH,2014-08-27,9.073,2023-07-31
600508.SH,2014-08-27,3.066,2023-07-31
600509.SH,2014-08-27,5.84,2023-07-31
600510.SH,2014-08-27,5.167,2023-07-31
600511.SH,2014-08-27,5.231,2023-07-31
600512.SH,2014-08-27,6.128,2023-07-31
600513.SH,2014-08-27,3.599,2023-07-31
600515.SH,2014-08-27,2.216,2023-07-31
600516.SH,2014-08-27,5.632,2023-07-31
600517.SH,2014-08-27,19.724,2023-07-31
600518.SH,2014-08-27,21.587,2023-07-31
600519.SH,2014-08-27,6.125,2023-07-31
600520.SH,2014-08-27,2.342,2023-07-31
600521.SH,2014-08-27,10.298,2023-07-31
600522.SH,2014-08-27,3.241,2023-07-31
600523.SH,2014-08-27,1.371,2023-07-31
600525.SH,2014-08-27,10.282,2023-07-31
600526.SH,2014-08-27,3.836,2023-07-31
600527.SH,2014-08-27,12.04,2023-07-31
600528.SH,2014-08-27,4.259,2023-07-31
600529.SH,2014-08-27,3.828,2023-07-31
600530.SH,2014-08-27,2.475,2023-07-31
600531.SH,2014-08-27,3.326,2023-07-31
600532.SH,2014-08-27,2.33,2023-07-31
600533.SH,2014-08-27,8.181,2023-07-31
600535.SH,2014-08-27,7.649,2023-07-31
600536.SH,2014-08-27,5.249,2023-07-31
600537.SH,2014-08-27,2.097,2023-07-31
600538.SH,2014-08-27,3.082,2023-07-31
600539.SH,2014-08-27,1.214,2023-07-31
600540.SH,2014-08-27,2.654,2023-07-31
600543.SH,2014-08-27,2.453,2023-07-31
600545.SH,2014-08-27,4.025,2023-07-31
600546.SH,2014-08-27,8.103,2023-07-31
600547.SH,2014-08-27,10.961,2023-07-31
600548.SH,2014-08-27,1.86,2023-07-31
600549.SH,2014-08-27,7.447,2023-07-31
600550.SH,2014-08-27,7.636,2023-07-31
600551.SH,2014-08-27,3.406,2023-07-31
600552.SH,2014-08-27,4.006,2023-07-31
600555.SH,2014-08-27,4.286,2023-07-31
600556.SH,2014-08-27,4.879,2023-07-31
600557.SH,2014-08-27,7.152,2023-07-31
600558.SH,2014-08-27,3.014,2023-07-31
600559.SH,2014-08-27,1.443,2023-07-31
600560.SH,2014-08-27,4.489,2023-07-31
600561.SH,2014-08-27,2.703,2023-07-31
600562.SH,2014-08-27,2.962,2023-07-31
600563.SH,2014-08-27,2.426,2023-07-31
600565.SH,2014-08-27,10.264,2023-07-31
600566.SH,2014-08-27,1.805,2023-07-31
600567.SH,2014-08-27,3.798,2023-07-31
600568.SH,2014-08-27,4.494,2023-07-31
600569.SH,2014-08-27,2.498,2023-07-31
600570.SH,2014-08-27,14.142,2023-07-31
600571.SH,2014-08-27,5.009,2023-07-31
600572.SH,2014-08-27,5.493,2023-07-31
600573.SH,2014-08-27,1.292,2023-07-31
600575.SH,2014-08-27,17.619,2023-07-31
600576.SH,2014-08-27,1.431,2023-07-31
600577.SH,2014-08-27,10.702,2023-07-31
600578.SH,2014-08-27,4.487,2023-07-31
600579.SH,2014-08-27,1.883,2023-07-31
600580.SH,2014-08-27,6.809,2023-07-31
600581.SH,2014-08-27,3.311,2023-07-31
600582.SH,2014-08-27,17.648,2023-07-31
600583.SH,2014-08-27,18.127,2023-07-31
600584.SH,2014-08-27,4.771,2023-07-31
600585.SH,2014-08-27,3.917,2023-07-31
600586.SH,2014-08-27,12.458,2023-07-31
600587.SH,2014-08-27,5.444,2023-07-31
600588.SH,2014-08-27,20.13,2023-07-31
600589.SH,2014-08-27,4.157,2023-07-31
600590.SH,2014-08-27,3.275,2023-07-31
600592.SH,2014-08-27,3.155,2023-07-31
600593.SH,2014-08-27,1.347,2023-07-31
600594.SH,2014-08-27,7.419,2023-07-31
600595.SH,2014-08-27,7.997,2023-07-31
600596.SH,2014-08-27,7.236,2023-07-31
600597.SH,2014-08-27,2.309,2023-07-31
600598.SH,2014-08-27,2.119,2023-07-31
600599.SH,2014-08-27,2.185,2023-07-31
600600.SH,2014-08-27,1.583,2023-07-31
600601.SH,2014-08-27,5764.146,2023-07-31
600602.SH,2014-08-27,511.679,2023-07-31
600603.SH,2014-08-27,76.747,2023-07-31
600604.SH,2014-08-27,26.116,2023-07-31
600605.SH,2014-08-27,34.544,2023-07-31
600606.SH,2014-08-27,113.602,2023-07-31
600608.SH,2014-08-27,96.539,2023-07-31
600609.SH,2014-08-27,25.927,2023-07-31
600610.SH,2014-08-27,17.182,2023-07-31
600611.SH,2014-08-27,415.472,2023-07-31
600612.SH,2014-08-27,113.276,2023-07-31
600613.SH,2014-08-27,22.802,2023-07-31
600614.SH,2014-08-27,83.533,2023-07-31
600615.SH,2014-08-27,54.797,2023-07-31
600616.SH,2014-08-27,282.25,2023-07-31
600617.SH,2014-08-27,24.687,2023-07-31
600618.SH,2014-08-27,24.463,2023-07-31
600619.SH,2014-08-27,51.445,2023-07-31
600620.SH,2014-08-27,276.668,2023-07-31
600621.SH,2014-08-27,277.484,2023-07-31
600622.SH,2014-08-27,93.471,2023-07-31
600623.SH,2014-08-27,26.579,2023-07-31
600624.SH,2014-08-27,10.289,2023-07-31
600626.SH,2014-08-27,10.124,2023-07-31
600628.SH,2014-08-27,44.173,2023-07-31
600629.SH,2014-08-27,4.486,2023-07-31
600630.SH,2014-08-27,3.139,2023-07-31
600633.SH,2014-08-27,7.275,2023-07-31
600634.SH,2014-08-27,8.747,2023-07-31
600635.SH,2014-08-27,89.341,2023-07-31
600636.SH,2014-08-27,12.73,2023-07-31
600637.SH,2014-08-27,3.34,2023-07-31
600638.SH,2014-08-27,11.539,2023-07-31
600639.SH,2014-08-27,5.655,2023-07-31
600640.SH,2014-08-27,8.281,2023-07-31
600641.SH,2014-08-27,15.54,2023-07-31
600642.SH,2014-08-27,7.665,2023-07-31
600643.SH,2014-08-27,5.537,2023-07-31
600644.SH,2014-08-27,11.618,2023-07-31
600645.SH,2014-08-27,18.139,2023-07-31
600647.SH,2014-08-27,15.902,2023-07-31
600648.SH,2014-08-27,6.361,2023-07-31
600649.SH,2014-08-27,13.316,2023-07-31
600650.SH,2014-08-27,3.878,2023-07-31
600651.SH,2014-08-27,5794.706,2023-07-31
600652.SH,2014-08-27,5408.993,2023-07-31
600653.SH,2014-08-27,10055.64,2023-07-31
600654.SH,2014-08-27,1492.39,2023-07-31
600655.SH,2014-08-27,186.439,2023-07-31
600656.SH,2014-08-27,17.771,2023-07-31
600657.SH,2014-08-27,14.534,2023-07-31
600658.SH,2014-08-27,4.115,2023-07-31
600660.SH,2014-08-27,63.684,2023-07-31
600661.SH,2014-08-27,5.048,2023-07-31
600662.SH,2014-08-27,55.157,2023-07-31
600663.SH,2014-08-27,5.129,2023-07-31
600664.SH,2014-08-27,6.08,2023-07-31
600665.SH,2014-08-27,3.801,2023-07-31
600666.SH,2014-08-27,7.077,2023-07-31
600667.SH,2014-08-27,4.774,2023-07-31
600668.SH,2014-08-27,5.916,2023-07-31
600671.SH,2014-08-27,3.269,2023-07-31
600673.SH,2014-08-27,5.183,2023-07-31
600674.SH,2014-08-27,8.34,2023-07-31
600675.SH,2014-08-27,31.755,2023-07-31
600676.SH,2014-08-27,12.657,2023-07-31
600677.SH,2014-08-27,6.256,2023-07-31
600678.SH,2014-08-27,4.222,2023-07-31
600679.SH,2014-08-27,2.503,2023-07-31
600680.SH,2014-08-27,3.918,2023-07-31
600681.SH,2014-08-27,5.465,2023-07-31
600682.SH,2014-08-27,6.238,2023-07-31
600683.SH,2014-08-27,5.712,2023-07-31
600684.SH,2014-08-27,12.022,2023-07-31
600685.SH,2014-08-27,2.015,2023-07-31
600686.SH,2014-08-27,12.642,2023-07-31
600687.SH,2014-08-27,4.841,2023-07-31
600688.SH,2014-08-27,3.165,2023-07-31
600689.SH,2014-08-27,2.541,2023-07-31
600690.SH,2014-08-27,16.807,2023-07-31
600691.SH,2014-08-27,7.907,2023-07-31
600692.SH,2014-08-27,8.374,2023-07-31
600693.SH,2014-08-27,5.113,2023-07-31
600694.SH,2014-08-27,4.364,2023-07-31
600695.SH,2014-08-27,2.321,2023-07-31
600696.SH,2014-08-27,3.304,2023-07-31
600697.SH,2014-08-27,2.635,2023-07-31
600698.SH,2014-08-27,5.222,2023-07-31
600699.SH,2014-08-27,2.926,2023-07-31
600701.SH,2014-08-27,4.751,2023-07-31
600702.SH,2014-08-27,3.429,2023-07-31
600703.SH,2014-08-27,12.507,2023-07-31
600704.SH,2014-08-27,8.183,2023-07-31
600705.SH,2014-08-27,11.616,2023-07-31
600706.SH,2014-08-27,1.965,2023-07-31
600707.SH,2014-08-27,2.273,2023-07-31
600708.SH,2014-08-27,6.449,2023-07-31
600710.SH,2014-08-27,5.778,2023-07-31
600711.SH,2014-08-27,3.873,2023-07-31
600712.SH,2014-08-27,6.34,2023-07-31
600713.SH,2014-08-27,9.966,2023-07-31
600714.SH,2014-08-27,2.623,2023-07-31
600715.SH,2014-08-27,1.92,2023-07-31
600716.SH,2014-08-27,4.385,2023-07-31
600717.SH,2014-08-27,16.395,2023-07-31
600718.SH,2014-08-27,16.661,2023-07-31
600719.SH,2014-08-27,2.714,2023-07-31
600720.SH,2014-08-27,9.961,2023-07-31
600721.SH,2014-08-27,1.452,2023-07-31
600722.SH,2014-08-27,5.892,2023-07-31
600723.SH,2014-08-27,2.777,2023-07-31
600724.SH,2014-08-27,11.413,2023-07-31
600725.SH,2014-08-27,4.117,2023-07-31
600726.SH,2014-08-27,3.597,2023-07-31
600727.SH,2014-08-27,5.275,2023-07-31
600728.SH,2014-08-27,4.879,2023-07-31
600729.SH,2014-08-27,2.864,2023-07-31
600730.SH,2014-08-27,2.706,2023-07-31
600731.SH,2014-08-27,6.409,2023-07-31
600732.SH,2014-08-27,4.863,2023-07-31
600733.SH,2014-08-27,2.34,2023-07-31
600734.SH,2014-08-27,3.659,2023-07-31
600735.SH,2014-08-27,3.554,2023-07-31
600736.SH,2014-08-27,25.941,2023-07-31
600737.SH,2014-08-27,10.781,2023-07-31
600738.SH,2014-08-27,5.576,2023-07-31
600739.SH,2014-08-27,29.923,2023-07-31
600740.SH,2014-08-27,7.42,2023-07-31
600741.SH,2014-08-27,36.011,2023-07-31
600742.SH,2014-08-27,5.109,2023-07-31
600743.SH,2014-08-27,9.916,2023-07-31
600744.SH,2014-08-27,4.106,2023-07-31
600745.SH,2014-08-27,2.128,2023-07-31
600746.SH,2014-08-27,7.177,2023-07-31
600747.SH,2014-08-27,15.915,2023-07-31
600748.SH,2014-08-27,4.626,2023-07-31
600749.SH,2014-08-27,3.127,2023-07-31
600750.SH,2014-08-27,6.971,2023-07-31
600751.SH,2014-08-27,4.621,2023-07-31
600753.SH,2014-08-27,2.246,2023-07-31
600754.SH,2014-08-27,2.767,2023-07-31
600755.SH,2014-08-27,18.596,2023-07-31
600756.SH,2014-08-27,5.122,2023-07-31
600757.SH,2014-08-27,6.22,2023-07-31
600758.SH,2014-08-27,2.678,2023-07-31
600759.SH,2014-08-27,3.424,2023-07-31
600760.SH,2014-08-27,4.905,2023-07-31
600761.SH,2014-08-27,8.594,2023-07-31
600763.SH,2014-08-27,1.2,2023-07-31
600764.SH,2014-08-27,8.083,2023-07-31
600765.SH,2014-08-27,8.886,2023-07-31
600766.SH,2014-08-27,4.225,2023-07-31
600767.SH,2014-08-27,3.774,2023-07-31
600768.SH,2014-08-27,3.339,2023-07-31
600769.SH,2014-08-27,5.58,2023-07-31
600770.SH,2014-08-27,21.002,2023-07-31
600771.SH,2014-08-27,5.324,2023-07-31
600773.SH,2014-08-27,6.184,2023-07-31
600774.SH,2014-08-27,4.88,2023-07-31
600775.SH,2014-08-27,1.408,2023-07-31
600776.SH,2014-08-27,4.57,2023-07-31
600777.SH,2014-08-27,8.029,2023-07-31
600778.SH,2014-08-27,3.745,2023-07-31
600779.SH,2014-08-27,6.194,2023-07-31
600780.SH,2014-08-27,10.806,2023-07-31
600781.SH,2014-08-27,2.123,2023-07-31
600782.SH,2014-08-27,5.107,2023-07-31
600783.SH,2014-08-27,5.88,2023-07-31
600784.SH,2014-08-27,7.116,2023-07-31
600785.SH,2014-08-27,4.573,2023-07-31
600787.SH,2014-08-27,29.89,2023-07-31
600789.SH,2014-08-27,2.114,2023-07-31
600790.SH,2014-08-27,5.502,2023-07-31
600791.SH,2014-08-27,7.217,2023-07-31
600792.SH,2014-08-27,3.378,2023-07-31
600793.SH,2014-08-27,1.733,2023-07-31
600794.SH,2014-08-27,9.267,2023-07-31
600795.SH,2014-08-27,224.323,2023-07-31
600796.SH,2014-08-27,8.427,2023-07-31
600797.SH,2014-08-27,12.361,2023-07-31
600798.SH,2014-08-27,7.681,2023-07-31
600800.SH,2014-08-27,9.904,2023-07-31
600801.SH,2014-08-27,6.015,2023-07-31
600802.SH,2014-08-27,2.759,2023-07-31
600803.SH,2014-08-27,5.451,2023-07-31
600804.SH,2014-08-27,7.77,2023-07-31
600805.SH,2014-08-27,13.894,2023-07-31
600806.SH,2014-08-27,3.131,2023-07-31
600807.SH,2014-08-27,5.028,2023-07-31
600808.SH,2014-08-27,1.839,2023-07-31
600809.SH,2014-08-27,4.167,2023-07-31
600810.SH,2014-08-27,3.09,2023-07-31
600811.SH,2014-08-27,11.931,2023-07-31
600812.SH,2014-08-27,3.912,2023-07-31
600814.SH,2014-08-27,5.747,2023-07-31
600815.SH,2014-08-27,6.148,2023-07-31
600816.SH,2014-08-27,4.242,2023-07-31
600817.SH,2014-08-27,4.465,2023-07-31
600818.SH,2014-08-27,2.136,2023-07-31
600819.SH,2014-08-27,3.274,2023-07-31
600820.SH,2014-08-27,16.378,2023-07-31
600821.SH,2014-08-27,4.462,2023-07-31
600822.SH,2014-08-27,2.728,2023-07-31
600823.SH,2014-08-27,10.411,2023-07-31
600824.SH,2014-08-27,20.95,2023-07-31
600825.SH,2014-08-27,12.557,2023-07-31
600826.SH,2014-08-27,4.518,2023-07-31
600827.SH,2014-08-27,7.969,2023-07-31
600828.SH,2014-08-27,8.83,2023-07-31
600829.SH,2014-08-27,8.753,2023-07-31
600830.SH,2014-08-27,9.646,2023-07-31
600831.SH,2014-08-27,6.324,2023-07-31
600832.SH,2014-08-27,17.25,2023-07-31
600833.SH,2014-08-27,7.178,2023-07-31
600834.SH,2014-08-27,3.851,2023-07-31
600835.SH,2014-08-27,4.523,2023-07-31
600836.SH,2014-08-27,6.798,2023-07-31
600837.SH,2014-08-27,20.571,2023-07-31
600838.SH,2014-08-27,8.71,2023-07-31
600839.SH,2014-08-27,27.272,2023-07-31
600841.SH,2014-08-27,2.8,2023-07-31
600843.SH,2014-08-27,2.805,2023-07-31
600844.SH,2014-08-27,6.935,2023-07-31
600845.SH,2014-08-27,2.114,2023-07-31
600846.SH,2014-08-27,14.226,2023-07-31
600847.SH,2014-08-27,1.862,2023-07-31
600848.SH,2014-08-27,2.242,2023-07-31
600850.SH,2014-08-27,5.073,2023-07-31
600851.SH,2014-08-27,11.535,2023-07-31
600853.SH,2014-08-27,1.968,2023-07-31
600854.SH,2014-08-27,5.945,2023-07-31
600855.SH,2014-08-27,1.6,2023-07-31
600856.SH,2014-08-27,2.753,2023-07-31
600857.SH,2014-08-27,5.645,2023-07-31
600858.SH,2014-08-27,6.69,2023-07-31
600859.SH,2014-08-27,3.05,2023-07-31
600860.SH,2014-08-27,1.661,2023-07-31
600861.SH,2014-08-27,2.307,2023-07-31
600862.SH,2014-08-27,7.126,2023-07-31
600863.SH,2014-08-27,15.915,2023-07-31
600864.SH,2014-08-27,9.796,2023-07-31
600865.SH,2014-08-27,4.668,2023-07-31
600866.SH,2014-08-27,14.624,2023-07-31
600867.SH,2014-08-27,16.798,2023-07-31
600868.SH,2014-08-27,27.789,2023-07-31
600869.SH,2014-08-27,5.304,2023-07-31
600870.SH,2014-08-27,8.269,2023-07-31
600871.SH,2014-08-27,2.464,2023-07-31
600872.SH,2014-08-27,10.661,2023-07-31
600873.SH,2014-08-27,5.37,2023-07-31
600874.SH,2014-08-27,1.614,2023-07-31
600875.SH,2014-08-27,2.947,2023-07-31
600876.SH,2014-08-27,1.427,2023-07-31
600877.SH,2014-08-27,4.641,2023-07-31
600879.SH,2014-08-27,18.011,2023-07-31
600880.SH,2014-08-27,28.709,2023-07-31
600881.SH,2014-08-27,46.311,2023-07-31
600882.SH,2014-08-27,2.247,2023-07-31
600883.SH,2014-08-27,4.619,2023-07-31
600884.SH,2014-08-27,9.123,2023-07-31
600885.SH,2014-08-27,2.693,2023-07-31
600886.SH,2014-08-27,40.949,2023-07-31
600887.SH,2014-08-27,32.431,2023-07-31
600888.SH,2014-08-27,8.198,2023-07-31
600889.SH,2014-08-27,4.542,2023-07-31
600890.SH,2014-08-27,5.544,2023-07-31
600891.SH,2014-08-27,3.386,2023-07-31
600892.SH,2014-08-27,1.581,2023-07-31
600893.SH,2014-08-27,3.21,2023-07-31
600894.SH,2014-08-27,2.942,2023-07-31
600895.SH,2014-08-27,19.051,2023-07-31
600896.SH,2014-08-27,4.938,2023-07-31
600897.SH,2014-08-27,4.143,2023-07-31
600898.SH,2014-08-27,2.694,2023-07-31
600900.SH,2014-08-27,2.573,2023-07-31
600960.SH,2014-08-27,2.709,2023-07-31
600961.SH,2014-08-27,1.504,2023-07-31
600962.SH,2014-08-27,1.893,2023-07-31
600963.SH,2014-08-27,3.383,2023-07-31
600965.SH,2014-08-27,1.976,2023-07-31
600966.SH,2014-08-27,3.376,2023-07-31
600967.SH,2014-08-27,5.137,2023-07-31
600969.SH,2014-08-27,1.416,2023-07-31
600970.SH,2014-08-27,7.576,2023-07-31
600971.SH,2014-08-27,6.598,2023-07-31
600973.SH,2014-08-27,3.865,2023-07-31
600975.SH,2014-08-27,3.475,2023-07-31
600976.SH,2014-08-27,2.773,2023-07-31
600978.SH,2014-08-27,4.862,2023-07-31
600979.SH,2014-08-27,3.961,2023-07-31
600980.SH,2014-08-27,1.764,2023-07-31
600981.SH,2014-08-27,4.444,2023-07-31
600982.SH,2014-08-27,3.745,2023-07-31
600983.SH,2014-08-27,2.378,2023-07-31
600984.SH,2014-08-27,1.464,2023-07-31
600985.SH,2014-08-27,2.123,2023-07-31
600986.SH,2014-08-27,4.099,2023-07-31
600987.SH,2014-08-27,3.7,2023-07-31
600988.SH,2014-08-27,2.731,2023-07-31
600990.SH,2014-08-27,2.762,2023-07-31
600992.SH,2014-08-27,1.528,2023-07-31
600993.SH,2014-08-27,8.46,2023-07-31
600995.SH,2014-08-27,8.135,2023-07-31
600997.SH,2014-08-27,3.55,2023-07-31
600998.SH,2014-08-27,1.016,2023-07-31
600999.SH,2014-08-27,1.39,2023-07-31
601000.SH,2014-08-27,1.899,2023-07-31
601001.SH,2014-08-27,2.139,2023-07-31
601002.SH,2014-08-27,1.059,2023-07-31
601003.SH,2014-08-27,3.937,2023-07-31
601005.SH,2014-08-27,1.051,2023-07-31
601006.SH,2014-08-27,1.39,2023-07-31
601007.SH,2014-08-27,1.051,2023-07-31
601008.SH,2014-08-27,1.641,2023-07-31
601009.SH,2014-08-27,1.711,2023-07-31
601010.SH,2014-08-27,1.688,2023-07-31
601011.SH,2014-08-27,1.026,2023-07-31
601012.SH,2014-08-27,1.822,2023-07-31
601018.SH,2014-08-27,1.119,2023-07-31
601028.SH,2014-08-27,1.071,2023-07-31
601038.SH,2014-08-27,1.022,2023-07-31
601058.SH,2014-08-27,1.046,2023-07-31
601088.SH,2014-08-27,1.258,2023-07-31
601098.SH,2014-08-27,1.053,2023-07-31
601099.SH,2014-08-27,1.111,2023-07-31
601100.SH,2014-08-27,1.565,2023-07-31
601101.SH,2014-08-27,2.942,2023-07-31
601106.SH,2014-08-27,1.008,2023-07-31
601107.SH,2014-08-27,1.129,2023-07-31
601111.SH,2014-08-27,1.078,2023-07-31
601113.SH,2014-08-27,2.073,2023-07-31
601116.SH,2014-08-27,1.072,2023-07-31
601117.SH,2014-08-27,1.039,2023-07-31
601118.SH,2014-08-27,1.032,2023-07-31
601126.SH,2014-08-27,1.061,2023-07-31
601137.SH,2014-08-27,1.042,2023-07-31
601139.SH,2014-08-27,1.605,2023-07-31
601158.SH,2014-08-27,1.178,2023-07-31
601166.SH,2014-08-27,3.429,2023-07-31
601168.SH,2014-08-27,1.079,2023-07-31
601169.SH,2014-08-27,1.674,2023-07-31
601177.SH,2014-08-27,1.014,2023-07-31
601179.SH,2014-08-27,1.033,2023-07-31
601186.SH,2014-08-27,1.125,2023-07-31
601188.SH,2014-08-27,1.034,2023-07-31
601199.SH,2014-08-27,1.035,2023-07-31
601208.SH,2014-08-27,2.173,2023-07-31
601216.SH,2014-08-27,3.251,2023-07-31
601218.SH,2014-08-27,2.2,2023-07-31
601222.SH,2014-08-27,1.26,2023-07-31
601225.SH,2014-08-27,1.029,2023-07-31
601231.SH,2014-08-27,1.02,2023-07-31
601233.SH,2014-08-27,2.086,2023-07-31
601238.SH,2014-08-27,1.065,2023-07-31
601258.SH,2014-08-27,2.511,2023-07-31
601288.SH,2014-08-27,1.23,2023-07-31
601299.SH,2014-08-27,1.157,2023-07-31
601311.SH,2014-08-27,2.096,2023-07-31
601318.SH,2014-08-27,1.082,2023-07-31
601328.SH,2014-08-27,1.469,2023-07-31
601333.SH,2014-08-27,1.207,2023-07-31
601336.SH,2014-08-27,1.022,2023-07-31
601339.SH,2014-08-27,1.038,2023-07-31
601360.SH,2014-08-27,1.925,2023-07-31
601369.SH,2014-08-27,1.732,2023-07-31
601377.SH,2014-08-27,1.041,2023-07-31
601388.SH,2014-08-27,1.332,2023-07-31
601390.SH,2014-08-27,1.092,2023-07-31
601398.SH,2014-08-27,1.413,2023-07-31
601515.SH,2014-08-27,2.188,2023-07-31
601518.SH,2014-08-27,1.081,2023-07-31
601519.SH,2014-08-27,2.911,2023-07-31
601555.SH,2014-08-27,1.023,2023-07-31
601558.SH,2014-08-27,4.159,2023-07-31
601566.SH,2014-08-27,1.143,2023-07-31
601567.SH,2014-08-27,1.734,2023-07-31
601579.SH,2014-08-27,1.0,2023-07-31
601588.SH,2014-08-27,1.083,2023-07-31
601599.SH,2014-08-27,1.545,2023-07-31
601600.SH,2014-08-27,1.019,2023-07-31
601601.SH,2014-08-27,1.128,2023-07-31
601607.SH,2014-08-27,8.846,2023-07-31
601608.SH,2014-08-27,1.039,2023-07-31
601616.SH,2014-08-27,1.928,2023-07-31
601618.SH,2014-08-27,1.051,2023-07-31
601628.SH,2014-08-27,1.131,2023-07-31
601633.SH,2014-08-27,1.066,2023-07-31
601636.SH,2014-08-27,1.059,2023-07-31
601666.SH,2014-08-27,2.514,2023-07-31
601668.SH,2014-08-27,1.136,2023-07-31
601669.SH,2014-08-27,1.115,2023-07-31
601677.SH,2014-08-27,1.032,2023-07-31
601678.SH,2014-08-27,1.585,2023-07-31
601688.SH,2014-08-27,1.064,2023-07-31
601699.SH,2014-08-27,4.136,2023-07-31
601700.SH,2014-08-27,2.154,2023-07-31
601717.SH,2014-08-27,2.212,2023-07-31
601718.SH,2014-08-27,1.04,2023-07-31
601727.SH,2014-08-27,1.087,2023-07-31
601766.SH,2014-08-27,1.11,2023-07-31
601777.SH,2014-08-27,1.136,2023-07-31
601788.SH,2014-08-27,1.114,2023-07-31
601789.SH,2014-08-27,1.045,2023-07-31
601798.SH,2014-08-27,1.069,2023-07-31
601799.SH,2014-08-27,1.156,2023-07-31
601800.SH,2014-08-27,1.143,2023-07-31
601801.SH,2014-08-27,1.055,2023-07-31
601808.SH,2014-08-27,1.095,2023-07-31
601818.SH,2014-08-27,1.172,2023-07-31
601857.SH,2014-08-27,1.213,2023-07-31
601866.SH,2014-08-27,1.008,2023-07-31
601872.SH,2014-08-27,1.159,2023-07-31
601877.SH,2014-08-27,1.182,2023-07-31
601880.SH,2014-08-27,1.079,2023-07-31
601886.SH,2014-08-27,2.07,2023-07-31
601888.SH,2014-08-27,1.032,2023-07-31
601890.SH,2014-08-27,1.341,2023-07-31
601898.SH,2014-08-27,1.132,2023-07-31
601899.SH,2014-08-27,1.747,2023-07-31
601901.SH,2014-08-27,1.02,2023-07-31
601908.SH,2014-08-27,2.045,2023-07-31
601918.SH,2014-08-27,1.51,2023-07-31
601919.SH,2014-08-27,1.043,2023-07-31
601928.SH,2014-08-27,1.057,2023-07-31
601929.SH,2014-08-27,1.064,2023-07-31
601933.SH,2014-08-27,4.152,2023-07-31
601939.SH,2014-08-27,1.405,2023-07-31
601958.SH,2014-08-27,1.314,2023-07-31
601965.SH,2014-08-27,1.027,2023-07-31
601988.SH,2014-08-27,1.432,2023-07-31
601989.SH,2014-08-27,1.674,2023-07-31
601991.SH,2014-08-27,2.276,2023-07-31
601992.SH,2014-08-27,1.045,2023-07-31
601996.SH,2014-08-27,2.05,2023-07-31
601998.SH,2014-08-27,1.268,2023-07-31
601999.SH,2014-08-27,1.021,2023-07-31
603000.SH,2014-08-27,2.034,2023-07-31
603001.SH,2014-08-27,1.046,2023-07-31
603002.SH,2014-08-27,1.017,2023-07-31
603003.SH,2014-08-27,1.006,2023-07-31
603005.SH,2014-08-27,1.004,2023-07-31
603006.SH,2014-08-27,1.0,2023-07-31
603008.SH,2014-08-27,1.547,2023-07-31
603009.SH,2014-08-27,1.0,2023-07-31
603077.SH,2014-08-27,2.07,2023-07-31
603099.SH,2014-08-27,1.0,2023-07-31
603100.SH,2014-08-27,1.0,2023-07-31
603111.SH,2014-08-27,1.0,2023-07-31
603123.SH,2014-08-27,1.057,2023-07-31
603126.SH,2014-08-27,1.0,2023-07-31
603128.SH,2014-08-27,1.022,2023-07-31
603167.SH,2014-08-27,1.043,2023-07-31
603168.SH,2014-08-27,1.0,2023-07-31
603288.SH,2014-08-27,2.014,2023-07-31
603308.SH,2014-08-27,1.005,2023-07-31
603328.SH,2014-08-27,1.0,2023-07-31
603333.SH,2014-08-27,1.513,2023-07-31
603366.SH,2014-08-27,1.108,2023-07-31
603369.SH,2014-08-27,1.0,2023-07-31
603399.SH,2014-08-27,1.409,2023-07-31
603555.SH,2014-08-27,1.037,2023-07-31
603609.SH,2014-08-27,1.0,2023-07-31
603699.SH,2014-08-27,1.017,2023-07-31
603766.SH,2014-08-27,1.04,2023-07-31
603993.SH,2014-08-27,1.052,2023-07-31
430047.BJ,2014-08-27,114.068,2023-07-31
430090.BJ,2014-08-27,2.002,2023-07-31
430198.BJ,2014-08-27,1.374,2023-07-31
430489.BJ,2014-08-27,0.645,2023-07-31
