security_code,trade_date,open,high,low,close,pre_close,change,pct_chg,vol,amount,data_date
300114.SZ,2012-06-13,15.17,15.25,14.94,15.22,15.05,0.17,1.13,13349.73,20183.9847,2023-08-01
002015.SZ,2012-06-13,8.42,8.57,8.4,8.51,8.44,0.07,0.83,23450.33,19907.8002,2023-08-01
600550.SH,2012-06-13,9.47,9.61,9.37,9.58,9.47,0.11,1.16,34886.38,33191.467,2023-08-01
300326.SZ,2012-06-13,44.0,47.5,43.83,47.19,29.09,18.1,62.22,92747.91,414691.2636,2023-08-01
002067.SZ,2012-06-13,6.34,6.46,6.28,6.42,6.3,0.12,1.9,36072.98,23016.6179,2023-08-01
000078.SZ,2012-06-13,7.06,7.22,7.06,7.22,7.06,0.16,2.27,68215.9,48837.6338,2023-08-01
000883.SZ,2012-06-13,6.6,6.78,6.52,6.74,6.54,0.2,3.06,37551.36,25208.3204,2023-08-01
000793.SZ,2012-06-13,6.26,6.35,6.24,6.3,6.26,0.04,0.64,39363.95,24781.5859,2023-08-01
600390.SH,2012-06-13,14.95,15.21,14.7,15.19,14.93,0.26,1.74,19053.75,28546.677,2023-08-01
000918.SZ,2012-06-13,4.38,4.48,4.34,4.4,4.36,0.04,0.92,35347.03,15551.0089,2023-08-01
300193.SZ,2012-06-13,11.78,11.97,11.73,11.94,11.78,0.16,1.36,3122.85,3713.4336,2023-08-01
600159.SH,2012-06-13,3.66,3.69,3.63,3.68,3.66,0.02,0.55,42395.38,15528.542,2023-08-01
002146.SZ,2012-06-13,12.5,12.59,12.12,12.31,12.5,-0.19,-1.52,69071.45,85009.8847,2023-08-01
002092.SZ,2012-06-13,8.31,8.4,8.26,8.38,8.3,0.08,0.96,63259.18,52791.6449,2023-08-01
600872.SH,2012-06-13,4.8,5.01,4.78,4.96,4.81,0.15,3.12,106639.44,52554.979,2023-08-01
000666.SZ,2012-06-13,12.13,13.08,11.96,12.97,12.07,0.9,7.46,195062.38,247665.1226,2023-08-01
000928.SZ,2012-06-13,11.11,11.26,10.98,11.25,11.04,0.21,1.9,28688.76,31976.1912,2023-08-01
000887.SZ,2012-06-13,9.16,9.28,9.1,9.27,9.16,0.11,1.2,33590.69,30909.222,2023-08-01
000028.SZ,2012-06-13,26.8,27.66,26.63,27.66,26.8,0.86,3.21,12511.79,34057.1397,2023-08-01
000777.SZ,2012-06-13,23.3,23.58,22.76,23.57,23.25,0.32,1.38,42999.3,99791.2631,2023-08-01
300124.SZ,2012-06-13,24.58,25.13,24.38,24.98,24.36,0.62,2.55,7757.07,19335.0029,2023-08-01
600807.SH,2012-06-13,7.31,7.44,7.25,7.38,7.4,-0.02,-0.27,56778.16,41648.485,2023-08-01
002420.SZ,2012-06-13,7.33,7.71,7.3,7.51,7.35,0.16,2.18,82775.98,62454.7883,2023-08-01
600758.SH,2012-06-13,8.25,8.45,8.24,8.45,8.25,0.2,2.42,40093.65,33479.211,2023-08-01
000632.SZ,2012-06-13,3.7,3.76,3.68,3.76,3.68,0.08,2.17,31425.72,11716.4149,2023-08-01
300026.SZ,2012-06-13,23.5,23.8,23.13,23.75,23.39,0.36,1.54,14882.31,35041.3617,2023-08-01
000573.SZ,2012-06-13,4.33,4.37,4.29,4.35,4.33,0.02,0.46,11204.68,4855.5496,2023-08-01
300318.SZ,2012-06-13,16.27,16.83,16.12,16.75,16.24,0.51,3.14,39496.47,65187.2061,2023-08-01
600076.SH,2012-06-13,3.85,3.85,3.77,3.81,3.82,-0.01,-0.26,16690.49,6338.98,2023-08-01
002256.SZ,2012-06-13,5.22,5.33,5.2,5.3,5.2,0.1,1.92,29397.38,15530.5676,2023-08-01
600183.SH,2012-06-13,5.35,5.39,5.33,5.38,5.35,0.03,0.56,53113.0,28480.781,2023-08-01
002082.SZ,2012-06-13,8.23,8.35,8.16,8.32,8.18,0.14,1.71,6651.21,5507.4736,2023-08-01
600145.SH,2012-06-13,5.33,5.54,5.3,5.54,5.28,0.26,4.92,34540.99,18959.031,2023-08-01
600166.SH,2012-06-13,7.87,8.12,7.87,8.08,7.87,0.21,2.67,206703.16,165729.507,2023-08-01
600215.SH,2012-06-13,4.94,5.04,4.91,5.04,4.91,0.13,2.65,29296.63,14665.513,2023-08-01
300300.SZ,2012-06-13,23.9,25.79,23.88,25.32,23.88,1.44,6.03,18404.61,45827.8244,2023-08-01
002353.SZ,2012-06-13,43.0,43.99,42.61,43.68,42.95,0.73,1.7,23625.57,102864.4256,2023-08-01
000859.SZ,2012-06-13,4.48,4.63,4.48,4.6,4.47,0.13,2.91,23939.11,10922.0815,2023-08-01
600869.SH,2012-06-13,23.3,23.52,23.2,23.49,23.26,0.23,0.99,9618.46,22549.623,2023-08-01
600654.SH,2012-06-13,4.92,4.97,4.89,4.95,4.91,0.04,0.81,22571.97,11158.504,2023-08-01
600843.SH,2012-06-13,8.14,8.14,7.89,8.06,8.0,0.06,0.75,21296.73,17036.991,2023-08-01
000536.SZ,2012-06-13,18.39,18.67,18.38,18.63,18.39,0.24,1.31,6938.95,12899.99,2023-08-01
002442.SZ,2012-06-13,5.26,5.44,5.25,5.42,5.25,0.17,3.24,32066.96,17209.3839,2023-08-01
600311.SH,2012-06-13,8.7,8.79,8.65,8.75,8.66,0.09,1.04,58605.31,51017.084,2023-08-01
601339.SH,2012-06-13,12.18,12.57,12.08,12.49,12.33,0.16,1.3,142005.34,176655.162,2023-08-01
600548.SH,2012-06-13,3.94,4.02,3.94,4.02,3.95,0.07,1.77,24623.64,9821.669,2023-08-01
600594.SH,2012-06-13,18.8,19.3,18.58,19.26,18.85,0.41,2.18,14584.53,27877.586,2023-08-01
600874.SH,2012-06-13,5.68,5.81,5.67,5.77,5.68,0.09,1.58,72430.28,41730.213,2023-08-01
300197.SZ,2012-06-13,30.0,30.15,29.13,29.88,29.9,-0.02,-0.07,29074.0,86316.8946,2023-08-01
002617.SZ,2012-06-13,12.99,13.2,12.96,13.17,12.99,0.18,1.39,9216.41,12094.5313,2023-08-01
000430.SZ,2012-06-13,9.38,9.75,9.36,9.65,9.39,0.26,2.77,36154.7,34831.2231,2023-08-01
300209.SZ,2012-06-13,13.07,13.29,12.91,13.08,13.22,-0.14,-1.06,92311.17,120682.7704,2023-08-01
600104.SH,2012-06-13,14.71,15.01,14.6,14.93,14.65,0.28,1.91,137814.44,204373.792,2023-08-01
600971.SH,2012-06-13,14.89,15.03,14.64,15.01,14.78,0.23,1.56,54518.45,81070.015,2023-08-01
002077.SZ,2012-06-13,6.56,6.64,6.45,6.61,6.49,0.12,1.85,10367.21,6804.6382,2023-08-01
000606.SZ,2012-06-13,6.65,6.71,6.57,6.69,6.64,0.05,0.75,86685.89,57692.7299,2023-08-01
300205.SZ,2012-06-13,10.75,10.95,10.66,10.8,10.66,0.14,1.31,20150.77,21763.1358,2023-08-01
600800.SH,2012-06-13,3.11,3.25,3.07,3.2,3.11,0.09,2.89,92157.09,29224.653,2023-08-01
002137.SZ,2012-06-13,7.13,7.34,7.12,7.3,7.13,0.17,2.38,30732.65,22263.9167,2023-08-01
300285.SZ,2012-06-13,30.28,31.4,29.91,31.4,30.35,1.05,3.46,17873.03,54847.3224,2023-08-01
600153.SH,2012-06-13,7.62,7.79,7.61,7.74,7.62,0.12,1.57,117292.82,90556.556,2023-08-01
002294.SZ,2012-06-13,26.78,27.21,26.51,26.94,26.58,0.36,1.35,11782.14,31757.1357,2023-08-01
002275.SZ,2012-06-13,12.91,13.39,12.91,13.35,12.91,0.44,3.41,8656.79,11485.4142,2023-08-01
600795.SH,2012-06-13,2.55,2.67,2.55,2.66,2.56,0.1,3.91,1632850.53,430482.862,2023-08-01
300314.SZ,2012-06-13,26.24,27.98,26.16,27.97,26.36,1.61,6.11,59273.59,161727.1031,2023-08-01
000937.SZ,2012-06-13,17.87,17.94,17.24,17.7,17.78,-0.08,-0.45,202693.18,354699.3635,2023-08-01
600379.SH,2012-06-13,8.38,8.52,8.33,8.49,8.37,0.12,1.43,10534.86,8887.559,2023-08-01
300269.SZ,2012-06-13,16.08,16.43,16.02,16.4,16.04,0.36,2.24,10625.62,17285.7518,2023-08-01
600850.SH,2012-06-13,27.7,27.96,27.51,27.8,27.65,0.15,0.54,7071.7,19614.242,2023-08-01
300063.SZ,2012-06-13,9.96,10.15,9.83,10.15,9.92,0.23,2.32,5444.1,5450.4238,2023-08-01
601633.SH,2012-06-13,17.18,17.8,17.12,17.73,17.09,0.64,3.74,71031.73,124983.147,2023-08-01
002529.SZ,2012-06-13,10.49,10.66,10.49,10.66,10.49,0.17,1.62,9103.14,9645.2202,2023-08-01
002211.SZ,2012-06-13,8.04,8.15,7.85,7.9,8.06,-0.16,-1.99,242392.28,193277.6737,2023-08-01
600289.SH,2012-06-13,6.64,6.68,6.53,6.67,6.58,0.09,1.37,44308.91,29371.919,2023-08-01
300280.SZ,2012-06-13,9.07,9.15,9.03,9.14,9.04,0.1,1.11,5837.78,5318.5714,2023-08-01
002245.SZ,2012-06-13,6.89,7.0,6.82,6.98,6.85,0.13,1.9,20174.0,13997.7875,2023-08-01
600777.SH,2012-06-13,5.28,5.4,5.2,5.26,5.35,-0.09,-1.68,145982.18,76977.566,2023-08-01
002341.SZ,2012-06-13,9.33,9.58,9.23,9.47,9.26,0.21,2.27,42129.02,39710.0742,2023-08-01
002594.SZ,2012-06-13,22.35,22.67,22.2,22.57,22.36,0.21,0.94,19426.96,43627.6213,2023-08-01
002029.SZ,2012-06-13,27.15,28.25,26.87,27.9,27.18,0.72,2.65,31181.41,86390.7712,2023-08-01
002310.SZ,2012-06-13,55.6,59.88,55.6,58.9,55.48,3.42,6.16,42144.57,243716.9343,2023-08-01
000623.SZ,2012-06-13,18.34,18.67,18.14,18.61,18.2,0.41,2.25,61353.41,113248.7812,2023-08-01
601100.SH,2012-06-13,18.6,18.67,18.42,18.6,18.57,0.03,0.16,8112.53,15067.28,2023-08-01
600984.SH,2012-06-13,6.61,6.85,6.59,6.83,6.63,0.2,3.02,4952.82,3349.531,2023-08-01
300095.SZ,2012-06-13,12.46,12.75,12.43,12.72,12.48,0.24,1.92,4641.97,5854.6411,2023-08-01
002017.SZ,2012-06-13,11.42,11.6,11.42,11.6,11.38,0.22,1.93,7582.56,8737.8598,2023-08-01
000931.SZ,2012-06-13,6.13,6.38,6.13,6.3,6.1,0.2,3.28,122525.77,76797.4085,2023-08-01
000752.SZ,2012-06-13,18.96,19.08,18.71,19.08,18.92,0.16,0.85,68873.23,130583.228,2023-08-01
300008.SZ,2012-06-13,7.95,8.09,7.95,8.07,7.95,0.12,1.51,25417.07,20419.9146,2023-08-01
300324.SZ,2012-06-13,24.41,25.83,24.41,25.33,24.3,1.03,4.24,21464.81,53717.2832,2023-08-01
600421.SH,2012-06-13,4.72,4.76,4.65,4.7,4.72,-0.02,-0.42,17806.75,8375.915,2023-08-01
000753.SZ,2012-06-13,5.91,6.02,5.85,6.01,5.84,0.17,2.91,48279.69,28705.3535,2023-08-01
002062.SZ,2012-06-13,5.19,5.24,5.14,5.22,5.16,0.06,1.16,13278.98,6905.3814,2023-08-01
600176.SH,2012-06-13,10.89,11.08,10.7,10.99,10.82,0.17,1.57,39900.99,43639.71,2023-08-01
600277.SH,2012-06-13,5.81,5.97,5.81,5.87,5.81,0.06,1.03,18570.32,10921.428,2023-08-01
000612.SZ,2012-06-13,12.2,12.39,12.19,12.36,12.2,0.16,1.31,20253.85,24963.6492,2023-08-01
002012.SZ,2012-06-13,10.45,10.58,10.34,10.57,10.4,0.17,1.63,17831.9,18721.2491,2023-08-01
002060.SZ,2012-06-13,7.83,8.0,7.83,7.99,7.83,0.16,2.04,36688.96,29133.9668,2023-08-01
002627.SZ,2012-06-13,13.32,13.53,13.29,13.51,13.32,0.19,1.43,9931.31,13318.7022,2023-08-01
002650.SZ,2012-06-13,17.26,17.79,17.26,17.76,17.22,0.54,3.14,8257.01,14533.6269,2023-08-01
000927.SZ,2012-06-13,8.09,8.15,8.0,8.05,8.08,-0.03,-0.37,22509.5,18161.297,2023-08-01
000829.SZ,2012-06-13,6.94,7.08,6.88,7.07,6.94,0.13,1.87,96934.36,67858.1231,2023-08-01
600325.SH,2012-06-13,9.49,9.6,9.42,9.47,9.47,0.0,0.0,52795.22,50078.595,2023-08-01
300202.SZ,2012-06-13,37.01,38.46,37.01,38.3,37.01,1.29,3.49,4594.04,17493.2802,2023-08-01
600844.SH,2012-06-13,13.4,13.53,13.26,13.5,13.36,0.14,1.05,25562.49,34342.688,2023-08-01
600562.SH,2012-06-13,27.2,27.36,27.02,27.32,27.06,0.26,0.96,2010.89,5468.427,2023-08-01
600857.SH,2012-06-13,10.73,10.8,10.67,10.76,10.72,0.04,0.37,26656.72,28635.255,2023-08-01
600975.SH,2012-06-13,9.27,9.28,9.13,9.25,9.2,0.05,0.54,30279.34,27966.029,2023-08-01
600126.SH,2012-06-13,3.69,3.73,3.68,3.73,3.71,0.02,0.54,12322.31,4577.106,2023-08-01
002174.SZ,2012-06-13,16.46,16.56,16.15,16.46,16.51,-0.05,-0.3,15715.42,25685.0255,2023-08-01
002395.SZ,2012-06-13,15.39,15.7,15.39,15.7,15.5,0.2,1.29,2698.47,4205.0238,2023-08-01
002603.SZ,2012-06-13,26.29,26.96,26.03,26.91,26.22,0.69,2.63,17884.11,47383.7861,2023-08-01
300081.SZ,2012-06-13,17.92,18.18,17.83,18.13,17.75,0.38,2.14,10647.59,19181.7044,2023-08-01
600323.SH,2012-06-13,7.16,7.31,7.13,7.29,7.14,0.15,2.1,36029.47,26110.683,2023-08-01
002337.SZ,2012-06-13,12.09,12.28,11.95,12.28,12.09,0.19,1.57,10970.95,13360.0742,2023-08-01
000065.SZ,2012-06-13,12.88,13.05,12.8,13.02,12.86,0.16,1.24,3786.01,4903.7992,2023-08-01
002263.SZ,2012-06-13,6.76,6.94,6.67,6.91,6.66,0.25,3.75,36506.16,24926.2849,2023-08-01
600201.SH,2012-06-13,15.06,15.4,14.9,15.35,15.02,0.33,2.2,22250.58,34015.635,2023-08-01
600121.SH,2012-06-13,8.73,8.8,8.51,8.79,8.7,0.09,1.03,25555.93,22158.684,2023-08-01
300175.SZ,2012-06-13,10.08,10.15,9.8,10.09,10.1,-0.01,-0.1,25335.52,25349.6766,2023-08-01
002515.SZ,2012-06-13,14.33,14.7,14.19,14.5,14.25,0.25,1.75,7516.52,10904.7954,2023-08-01
300305.SZ,2012-06-13,33.48,33.99,33.26,33.99,33.48,0.51,1.52,2561.33,8637.9778,2023-08-01
002097.SZ,2012-06-13,9.5,9.79,9.25,9.7,9.42,0.28,2.97,114416.71,109325.1949,2023-08-01
002054.SZ,2012-06-13,7.76,8.0,7.74,7.95,7.74,0.21,2.71,20246.8,16001.3061,2023-08-01
002114.SZ,2012-06-13,7.68,7.97,7.57,7.97,7.59,0.38,5.01,70823.4,55606.2916,2023-08-01
002538.SZ,2012-06-13,12.89,13.3,12.85,13.24,12.87,0.37,2.87,25812.36,33957.072,2023-08-01
002180.SZ,2012-06-13,12.42,12.63,12.3,12.61,12.35,0.26,2.11,12829.15,16027.0366,2023-08-01
600400.SH,2012-06-13,4.7,4.75,4.64,4.72,4.67,0.05,1.07,30419.21,14305.202,2023-08-01
600469.SH,2012-06-13,9.26,9.54,9.13,9.5,9.21,0.29,3.15,73013.39,68536.515,2023-08-01
002533.SZ,2012-06-13,6.77,6.88,6.75,6.86,6.75,0.11,1.63,22565.12,15421.8864,2023-08-01
000400.SZ,2012-06-13,18.4,18.55,18.21,18.43,18.39,0.04,0.22,33754.78,61986.7382,2023-08-01
601186.SH,2012-06-13,4.46,4.56,4.46,4.56,4.46,0.1,2.24,226294.12,102246.202,2023-08-01
600586.SH,2012-06-13,4.84,4.91,4.83,4.9,4.85,0.05,1.03,47693.9,23285.297,2023-08-01
600173.SH,2012-06-13,4.96,5.05,4.9,4.96,4.97,-0.01,-0.2,179230.0,88953.981,2023-08-01
000970.SZ,2012-06-13,43.72,43.92,42.63,43.46,43.23,0.23,0.53,250468.48,1084867.5019,2023-08-01
000002.SZ,2012-06-13,9.31,9.44,9.21,9.27,9.22,0.05,0.54,668466.79,621607.0176,2023-08-01
002079.SZ,2012-06-13,5.33,5.45,5.11,5.43,5.36,0.07,1.31,71850.55,37980.9395,2023-08-01
002141.SZ,2012-06-13,5.86,5.95,5.81,5.94,5.83,0.11,1.89,10132.82,5957.2227,2023-08-01
002362.SZ,2012-06-13,11.82,12.01,11.79,12.01,11.81,0.2,1.69,13463.23,16064.5203,2023-08-01
600688.SH,2012-06-13,6.0,6.31,5.9,6.31,6.01,0.3,4.99,218656.56,133986.426,2023-08-01
002076.SZ,2012-06-13,7.11,7.27,7.11,7.24,7.1,0.14,1.97,5939.67,4284.7228,2023-08-01
600593.SH,2012-06-13,13.78,14.05,13.78,14.0,13.78,0.22,1.6,4557.67,6340.68,2023-08-01
600371.SH,2012-06-13,15.26,15.4,15.21,15.39,15.3,0.09,0.59,27428.14,42001.65,2023-08-01
002161.SZ,2012-06-13,8.28,8.36,8.19,8.33,8.18,0.15,1.83,39348.67,32580.7432,2023-08-01
600151.SH,2012-06-13,6.99,7.02,6.91,6.95,6.95,0.0,0.0,43838.76,30555.183,2023-08-01
002241.SZ,2012-06-13,32.25,33.38,32.25,33.33,32.23,1.1,3.41,33172.3,109504.0749,2023-08-01
002436.SZ,2012-06-13,15.9,15.91,15.68,15.87,15.66,0.21,1.34,5175.66,8186.3604,2023-08-01
300110.SZ,2012-06-13,10.29,10.78,10.29,10.7,10.29,0.41,3.98,26528.65,27968.5784,2023-08-01
002486.SZ,2012-06-13,7.82,7.97,7.77,7.89,7.78,0.11,1.41,7536.64,5946.2975,2023-08-01
600898.SH,2012-06-13,6.45,6.53,6.16,6.3,6.47,-0.17,-2.63,159569.66,100528.14,2023-08-01
600141.SH,2012-06-13,22.7,23.08,22.69,22.99,22.23,0.76,3.42,71912.45,164636.103,2023-08-01
300004.SZ,2012-06-13,22.74,23.11,22.5,23.04,22.95,0.09,0.39,6114.4,13968.5314,2023-08-01
601168.SH,2012-06-13,9.52,9.65,9.46,9.62,9.48,0.14,1.48,70094.58,67124.155,2023-08-01
002033.SZ,2012-06-13,21.16,21.16,20.74,20.92,20.92,0.0,0.0,23724.53,49624.0017,2023-08-01
000762.SZ,2012-06-13,16.27,16.28,15.81,16.13,16.08,0.05,0.31,44078.05,70627.2559,2023-08-01
002674.SZ,2012-06-13,11.43,11.52,11.31,11.5,11.38,0.12,1.05,19071.93,21813.3548,2023-08-01
000554.SZ,2012-06-13,6.09,6.14,6.06,6.14,6.09,0.05,0.82,29036.45,17741.6066,2023-08-01
002655.SZ,2012-06-13,16.32,16.55,16.1,16.49,16.28,0.21,1.29,16412.29,26828.9486,2023-08-01
002200.SZ,2012-06-13,11.34,11.69,11.32,11.63,11.34,0.29,2.56,18911.17,21859.4,2023-08-01
600006.SH,2012-06-13,3.35,3.39,3.33,3.38,3.35,0.03,0.9,30327.43,10197.57,2023-08-01
600598.SH,2012-06-13,7.78,7.9,7.74,7.86,7.75,0.11,1.42,60485.15,47329.95,2023-08-01
600858.SH,2012-06-13,10.76,11.03,10.61,11.0,10.68,0.32,3.0,40201.22,43616.358,2023-08-01
300102.SZ,2012-06-13,13.0,13.18,12.9,13.14,12.92,0.22,1.7,23820.76,31126.5389,2023-08-01
002283.SZ,2012-06-13,8.79,8.93,8.72,8.89,8.78,0.11,1.25,29212.47,25815.9388,2023-08-01
000680.SZ,2012-06-13,10.2,10.42,10.16,10.38,10.18,0.2,1.96,125327.44,129226.8838,2023-08-01
601188.SH,2012-06-13,2.74,2.78,2.72,2.77,2.75,0.02,0.73,23359.98,6423.533,2023-08-01
002030.SZ,2012-06-13,9.38,9.53,9.25,9.5,9.35,0.15,1.6,78599.7,74004.4844,2023-08-01
002350.SZ,2012-06-13,11.34,12.32,11.28,12.23,11.27,0.96,8.52,27469.0,32751.4789,2023-08-01
600027.SH,2012-06-13,3.55,3.85,3.52,3.82,3.56,0.26,7.3,394186.26,147002.392,2023-08-01
601377.SH,2012-06-13,11.11,11.56,11.11,11.38,11.07,0.31,2.8,182462.45,207429.483,2023-08-01
601018.SH,2012-06-13,2.52,2.55,2.52,2.54,2.51,0.03,1.2,91645.72,23232.422,2023-08-01
600429.SH,2012-06-13,6.42,6.55,6.38,6.55,6.4,0.15,2.34,84952.37,55116.573,2023-08-01
600426.SH,2012-06-13,7.7,7.86,7.63,7.84,7.68,0.16,2.08,61841.8,48094.178,2023-08-01
601518.SH,2012-06-13,2.72,2.76,2.72,2.75,2.72,0.03,1.1,24253.92,6644.762,2023-08-01
601919.SH,2012-06-13,4.8,4.87,4.8,4.85,4.78,0.07,1.46,59591.04,28841.744,2023-08-01
600660.SH,2012-06-13,8.4,8.48,8.34,8.45,8.35,0.1,1.2,41398.45,34801.79,2023-08-01
002523.SZ,2012-06-13,6.61,6.78,6.44,6.78,6.65,0.13,1.95,125498.14,83119.5388,2023-08-01
300272.SZ,2012-06-13,18.16,18.88,18.11,18.35,18.26,0.09,0.49,98552.75,181851.4308,2023-08-01
600202.SH,2012-06-13,5.97,6.04,5.94,6.03,5.96,0.07,1.17,16144.08,9675.926,2023-08-01
600337.SH,2012-06-13,6.69,6.97,6.61,6.94,6.71,0.23,3.43,113245.9,77373.583,2023-08-01
600744.SH,2012-06-13,3.53,3.64,3.49,3.61,3.52,0.09,2.56,64576.29,23200.14,2023-08-01
000933.SZ,2012-06-13,9.94,10.02,9.78,10.01,9.87,0.14,1.42,120250.22,118922.9529,2023-08-01
600614.SH,2012-06-13,16.85,17.28,16.56,17.06,16.76,0.3,1.79,346839.46,586550.572,2023-08-01
002417.SZ,2012-06-13,7.58,7.72,7.53,7.71,7.58,0.13,1.72,17746.21,13588.0024,2023-08-01
601519.SH,2012-06-13,5.33,5.47,5.33,5.45,5.33,0.12,2.25,31431.93,17013.394,2023-08-01
000881.SZ,2012-06-13,8.9,9.25,8.87,9.2,8.93,0.27,3.02,89684.91,81303.7926,2023-08-01
300172.SZ,2012-06-13,16.4,17.33,16.19,16.85,16.36,0.49,3.0,100718.17,169918.452,2023-08-01
600653.SH,2012-06-13,2.6,2.64,2.6,2.64,2.6,0.04,1.54,22655.33,5946.292,2023-08-01
600569.SH,2012-06-13,2.52,2.55,2.51,2.55,2.52,0.03,1.19,29423.09,7455.714,2023-08-01
300265.SZ,2012-06-13,10.94,11.1,10.84,11.05,10.94,0.11,1.01,9474.39,10422.4039,2023-08-01
601872.SH,2012-06-13,3.26,3.39,3.21,3.3,3.24,0.06,1.85,62551.17,20546.51,2023-08-01
300214.SZ,2012-06-13,17.2,17.42,17.16,17.31,17.04,0.27,1.58,6126.9,10596.2352,2023-08-01
600746.SH,2012-06-13,5.9,5.9,5.81,5.86,5.86,0.0,0.0,25142.0,14719.264,2023-08-01
600067.SH,2012-06-13,6.17,6.35,6.14,6.34,6.22,0.12,1.93,483195.95,302529.17,2023-08-01
600719.SH,2012-06-13,8.09,8.58,8.09,8.55,8.06,0.49,6.08,99519.58,82717.323,2023-08-01
600509.SH,2012-06-13,8.15,8.29,8.14,8.28,8.14,0.14,1.72,66222.31,54540.264,2023-08-01
002252.SZ,2012-06-13,13.33,13.36,13.13,13.35,13.24,0.11,0.83,8715.32,11589.565,2023-08-01
300230.SZ,2012-06-13,14.25,14.47,14.08,14.25,14.19,0.06,0.42,3895.52,5541.0433,2023-08-01
600714.SH,2012-06-13,14.0,14.14,13.78,14.12,14.0,0.12,0.86,17807.81,24951.626,2023-08-01
002359.SZ,2012-06-13,8.89,9.08,8.89,9.0,8.87,0.13,1.47,2681.7,2415.038,2023-08-01
600576.SH,2012-06-13,8.2,8.31,8.12,8.29,8.23,0.06,0.73,18779.38,15509.423,2023-08-01
300002.SZ,2012-06-13,20.05,20.17,19.68,19.97,20.0,-0.03,-0.15,39297.04,78071.036,2023-08-01
300287.SZ,2012-06-13,13.3,13.55,13.3,13.49,13.31,0.18,1.35,5178.81,6968.1192,2023-08-01
300248.SZ,2012-06-13,12.15,12.48,12.12,12.43,12.1,0.33,2.73,7070.91,8712.9816,2023-08-01
600773.SH,2012-06-13,14.57,14.72,14.25,14.68,14.56,0.12,0.82,83965.6,121974.165,2023-08-01
000973.SZ,2012-06-13,4.87,4.96,4.87,4.95,4.86,0.09,1.85,48910.85,24063.6383,2023-08-01
600965.SH,2012-06-13,5.98,6.03,5.95,6.02,5.95,0.07,1.18,12372.67,7421.284,2023-08-01
600475.SH,2012-06-13,13.84,14.25,13.8,13.98,13.86,0.12,0.87,54709.18,76851.691,2023-08-01
600055.SH,2012-06-13,11.86,12.29,11.86,12.28,11.93,0.35,2.93,23977.96,29120.339,2023-08-01
600717.SH,2012-06-13,6.39,6.48,6.37,6.45,6.37,0.08,1.26,29358.98,18843.311,2023-08-01
002678.SZ,2012-06-13,14.65,15.05,14.45,14.96,14.69,0.27,1.84,72005.03,106339.3997,2023-08-01
300033.SZ,2012-06-13,16.75,16.84,16.55,16.81,16.5,0.31,1.88,2680.37,4482.1444,2023-08-01
002613.SZ,2012-06-13,6.04,6.06,5.99,6.03,6.0,0.03,0.5,24845.78,14990.1496,2023-08-01
600165.SH,2012-06-13,6.7,6.7,6.53,6.63,6.51,0.12,1.84,8715.19,5747.474,2023-08-01
002375.SZ,2012-06-13,26.45,27.29,25.99,26.92,26.47,0.45,1.7,39175.9,104149.1523,2023-08-01
000958.SZ,2012-06-13,3.41,3.44,3.33,3.4,3.41,-0.01,-0.29,45448.19,15290.8675,2023-08-01
600329.SH,2012-06-13,11.66,11.98,11.42,11.89,11.59,0.3,2.59,84948.1,99807.33,2023-08-01
002136.SZ,2012-06-13,13.16,13.6,13.13,13.46,13.16,0.3,2.28,52888.29,70774.5539,2023-08-01
002179.SZ,2012-06-13,14.83,14.94,14.67,14.86,14.82,0.04,0.27,11648.06,17203.1584,2023-08-01
002042.SZ,2012-06-13,5.14,5.15,5.07,5.15,5.12,0.03,0.59,32291.86,16522.9085,2023-08-01
000043.SZ,2012-06-13,5.17,5.22,5.12,5.19,5.15,0.04,0.78,101252.1,52466.8071,2023-08-01
000678.SZ,2012-06-13,4.42,4.5,4.41,4.48,4.42,0.06,1.36,16155.81,7197.6459,2023-08-01
600038.SH,2012-06-13,18.98,19.07,18.5,18.77,18.61,0.16,0.86,45181.47,84579.253,2023-08-01
000712.SZ,2012-06-13,12.1,12.47,12.1,12.41,12.08,0.33,2.73,12928.06,15967.4605,2023-08-01
002121.SZ,2012-06-13,8.71,8.88,8.7,8.87,8.76,0.11,1.26,18014.02,15851.2642,2023-08-01
002470.SZ,2012-06-13,13.96,14.22,13.96,14.22,13.96,0.26,1.86,9299.87,13152.5798,2023-08-01
600128.SH,2012-06-13,11.92,12.21,11.74,12.19,11.98,0.21,1.75,46341.7,55485.193,2023-08-01
000923.SZ,2012-06-13,6.12,6.2,6.08,6.2,6.1,0.1,1.64,14834.84,9121.2572,2023-08-01
000981.SZ,2012-06-13,9.01,9.1,8.98,9.09,9.01,0.08,0.89,4057.53,3669.3721,2023-08-01
002611.SZ,2012-06-13,10.57,10.66,10.43,10.65,10.48,0.17,1.62,6484.92,6862.3734,2023-08-01
000584.SZ,2012-06-13,7.07,7.14,6.98,7.1,7.05,0.05,0.71,10214.61,7228.5274,2023-08-01
600009.SH,2012-06-13,12.53,12.66,12.5,12.63,12.47,0.16,1.28,55451.23,69836.089,2023-08-01
600127.SH,2012-06-13,4.83,4.89,4.81,4.88,4.83,0.05,1.04,22321.8,10837.114,2023-08-01
600163.SH,2012-06-13,6.2,6.21,5.62,5.88,6.24,-0.36,-5.77,560865.17,322317.614,2023-08-01
000795.SZ,2012-06-13,14.65,14.95,14.52,14.83,14.61,0.22,1.51,46156.99,68066.213,2023-08-01
601600.SH,2012-06-13,6.66,6.7,6.59,6.68,6.64,0.04,0.6,80719.24,53666.412,2023-08-01
601886.SH,2012-06-13,17.36,17.88,17.32,17.67,17.41,0.26,1.49,22050.47,38891.956,2023-08-01
601588.SH,2012-06-13,3.04,3.05,3.0,3.03,3.04,-0.01,-0.33,66962.88,20239.366,2023-08-01
002031.SZ,2012-06-13,6.14,6.22,6.13,6.22,6.13,0.09,1.47,7980.46,4933.1864,2023-08-01
002402.SZ,2012-06-13,11.87,11.98,11.76,11.94,11.75,0.19,1.62,5442.42,6488.1308,2023-08-01
002481.SZ,2012-06-13,17.18,17.76,17.12,17.27,17.2,0.07,0.41,32572.72,56456.4533,2023-08-01
600365.SH,2012-06-13,9.0,9.25,8.9,9.14,8.92,0.22,2.47,45978.83,41990.701,2023-08-01
300236.SZ,2012-06-13,13.3,13.56,13.27,13.47,13.3,0.17,1.28,3962.2,5323.1947,2023-08-01
002629.SZ,2012-06-13,15.25,15.66,15.25,15.6,15.23,0.37,2.43,6406.58,9935.9168,2023-08-01
000417.SZ,2012-06-13,13.61,14.13,13.56,13.91,13.56,0.35,2.58,65520.3,91141.8642,2023-08-01
600234.SH,2012-06-13,4.54,4.77,4.49,4.65,4.54,0.11,2.42,28049.6,13102.39,2023-08-01
002231.SZ,2012-06-13,9.55,9.67,9.31,9.5,9.61,-0.11,-1.14,66580.09,62957.9203,2023-08-01
600093.SH,2012-06-13,4.6,4.66,4.57,4.65,4.59,0.06,1.31,15182.92,7023.393,2023-08-01
300105.SZ,2012-06-13,27.04,27.57,26.68,27.4,26.95,0.45,1.67,13608.38,37072.7452,2023-08-01
601566.SH,2012-06-13,26.08,27.2,26.08,27.19,26.09,1.1,4.22,17853.81,47549.175,2023-08-01
000875.SZ,2012-06-13,3.07,3.23,3.07,3.16,3.07,0.09,2.93,116041.58,36756.826,2023-08-01
002148.SZ,2012-06-13,16.88,17.05,16.72,17.02,16.76,0.26,1.55,22386.5,37899.6416,2023-08-01
600738.SH,2012-06-13,6.59,6.67,6.51,6.62,6.55,0.07,1.07,35198.22,23205.215,2023-08-01
600360.SH,2012-06-13,4.14,4.24,4.14,4.23,4.16,0.07,1.68,34939.55,14707.923,2023-08-01
002186.SZ,2012-06-13,30.2,31.07,30.17,31.0,30.17,0.83,2.75,6457.39,19892.1153,2023-08-01
600180.SH,2012-06-13,8.48,8.62,8.48,8.6,8.5,0.1,1.18,8444.02,7250.386,2023-08-01
600599.SH,2012-06-13,10.36,10.48,10.27,10.47,10.36,0.11,1.06,13813.15,14348.768,2023-08-01
000004.SZ,2012-06-13,9.16,9.3,9.01,9.3,9.16,0.14,1.53,19331.57,17717.8589,2023-08-01
002372.SZ,2012-06-13,15.14,15.34,14.98,15.2,15.13,0.07,0.46,9580.31,14503.4675,2023-08-01
002194.SZ,2012-06-13,7.37,7.44,7.32,7.44,7.34,0.1,1.36,12037.43,8897.2507,2023-08-01
002094.SZ,2012-06-13,8.68,8.95,8.62,8.9,8.64,0.26,3.01,51065.38,44997.3828,2023-08-01
600997.SH,2012-06-13,11.48,11.54,11.19,11.46,11.4,0.06,0.53,53159.64,60308.378,2023-08-01
300241.SZ,2012-06-13,13.9,14.09,13.78,14.09,13.74,0.35,2.55,4642.79,6469.7631,2023-08-01
600896.SH,2012-06-13,3.88,3.96,3.87,3.95,3.86,0.09,2.33,11833.47,4644.487,2023-08-01
002016.SZ,2012-06-13,7.22,7.5,7.22,7.44,7.29,0.15,2.06,30887.55,22839.0571,2023-08-01
000850.SZ,2012-06-13,6.31,6.5,6.31,6.47,6.3,0.17,2.7,55137.98,35474.5137,2023-08-01
002412.SZ,2012-06-13,16.54,16.87,16.51,16.8,16.66,0.14,0.84,25781.39,43197.1687,2023-08-01
000685.SZ,2012-06-13,14.87,15.17,14.8,15.12,14.85,0.27,1.82,18871.16,28377.3077,2023-08-01
300177.SZ,2012-06-13,10.66,10.77,10.52,10.77,10.6,0.17,1.6,29460.58,31417.3288,2023-08-01
600358.SH,2012-06-13,4.22,4.3,4.22,4.29,4.22,0.07,1.66,17292.96,7394.143,2023-08-01
300211.SZ,2012-06-13,14.72,15.08,14.72,15.03,14.76,0.27,1.83,5206.79,7776.9011,2023-08-01
000521.SZ,2012-06-13,4.9,4.98,4.84,4.98,4.93,0.05,1.01,54718.88,26903.1851,2023-08-01
600079.SH,2012-06-13,22.33,23.1,22.24,22.88,22.3,0.58,2.6,36257.81,82638.12,2023-08-01
000631.SZ,2012-06-13,5.94,6.03,5.86,5.93,5.9,0.03,0.51,34877.03,20674.0082,2023-08-01
600425.SH,2012-06-13,13.38,13.67,13.18,13.61,13.28,0.33,2.48,60808.55,81867.316,2023-08-01
600403.SH,2012-06-13,23.45,23.7,22.73,22.98,23.41,-0.43,-1.84,39660.66,90840.737,2023-08-01
002019.SZ,2012-06-13,7.27,7.54,7.25,7.54,7.25,0.29,4.0,67624.26,50404.1885,2023-08-01
600666.SH,2012-06-13,7.44,7.73,7.42,7.63,7.44,0.19,2.55,19415.8,14725.209,2023-08-01
002111.SZ,2012-06-13,9.5,9.63,9.35,9.57,9.4,0.17,1.81,39579.05,37537.0269,2023-08-01
300144.SZ,2012-06-13,14.31,14.45,14.11,14.24,14.3,-0.06,-0.42,20684.47,29476.1385,2023-08-01
600460.SH,2012-06-13,5.03,5.07,4.88,4.95,5.02,-0.07,-1.39,111046.87,54776.061,2023-08-01
300103.SZ,2012-06-13,8.66,8.8,8.59,8.78,8.63,0.15,1.74,5418.45,4730.2485,2023-08-01
300315.SZ,2012-06-13,21.98,22.82,21.85,22.38,22.0,0.38,1.73,42153.87,94169.4083,2023-08-01
601008.SH,2012-06-13,4.06,4.12,4.02,4.11,4.04,0.07,1.73,122554.36,49902.827,2023-08-01
002381.SZ,2012-06-13,16.69,16.8,16.18,16.63,16.6,0.03,0.18,43565.35,71744.7532,2023-08-01
002626.SZ,2012-06-13,16.01,16.4,15.88,16.4,15.92,0.48,3.02,12221.92,19786.4688,2023-08-01
300125.SZ,2012-06-13,15.33,16.9,15.33,16.9,15.36,1.54,10.03,48618.48,80042.7992,2023-08-01
600837.SH,2012-06-13,10.44,10.63,10.28,10.52,10.37,0.15,1.45,650758.53,683907.201,2023-08-01
600567.SH,2012-06-13,2.09,2.11,2.08,2.11,2.09,0.02,0.96,148087.7,31030.691,2023-08-01
002522.SZ,2012-06-13,18.09,18.23,17.8,18.18,17.87,0.31,1.73,8948.62,16179.3961,2023-08-01
600498.SH,2012-06-13,28.56,28.69,26.05,26.34,28.61,-2.27,-7.93,148594.62,404985.762,2023-08-01
600748.SH,2012-06-13,6.37,6.4,6.29,6.37,6.3,0.07,1.11,39466.85,25078.962,2023-08-01
300312.SZ,2012-06-13,21.15,21.45,21.14,21.38,21.13,0.25,1.18,9841.55,20994.3177,2023-08-01
600287.SH,2012-06-13,7.58,7.78,7.51,7.74,7.56,0.18,2.38,17648.95,13521.025,2023-08-01
600231.SH,2012-06-13,5.12,5.18,5.09,5.18,5.1,0.08,1.57,20079.22,10331.752,2023-08-01
600674.SH,2012-06-13,6.95,7.28,6.95,7.22,6.92,0.3,4.34,121450.53,86998.394,2023-08-01
300131.SZ,2012-06-13,13.69,13.74,13.5,13.73,13.6,0.13,0.96,3439.56,4703.7913,2023-08-01
300006.SZ,2012-06-13,16.05,16.63,16.05,16.5,16.3,0.2,1.23,17164.25,28238.7456,2023-08-01
002056.SZ,2012-06-13,18.03,18.49,18.02,18.38,17.94,0.44,2.45,45857.7,83683.2681,2023-08-01
600255.SH,2012-06-13,6.77,6.88,6.72,6.87,6.71,0.16,2.38,28776.33,19624.285,2023-08-01
600609.SH,2012-06-13,2.61,2.66,2.59,2.63,2.61,0.02,0.77,34000.4,8962.379,2023-08-01
000540.SZ,2012-06-13,8.55,8.59,8.43,8.49,8.45,0.04,0.47,120829.41,102798.0095,2023-08-01
002383.SZ,2012-06-13,17.05,17.23,17.05,17.15,17.11,0.04,0.23,2410.29,4132.2444,2023-08-01
600101.SH,2012-06-13,11.82,12.42,11.82,12.39,11.94,0.45,3.77,50249.35,61556.532,2023-08-01
002236.SZ,2012-06-13,30.3,31.26,30.01,31.26,30.28,0.98,3.24,28092.74,86352.0939,2023-08-01
600022.SH,2012-06-13,2.62,2.67,2.62,2.67,2.61,0.06,2.3,126845.72,33627.021,2023-08-01
601011.SH,2012-06-13,12.21,12.43,12.16,12.43,12.2,0.23,1.89,9601.24,11848.831,2023-08-01
300070.SZ,2012-06-13,30.6,30.98,30.4,30.8,30.49,0.31,1.02,32325.04,99148.4471,2023-08-01
000903.SZ,2012-06-13,4.56,4.61,4.5,4.59,4.52,0.07,1.55,26167.12,11967.5103,2023-08-01
002507.SZ,2012-06-13,19.25,19.93,19.09,19.74,19.25,0.49,2.55,13142.77,25875.4317,2023-08-01
300112.SZ,2012-06-13,7.75,7.8,7.56,7.76,7.85,-0.09,-1.15,62918.81,48168.4786,2023-08-01
600998.SH,2012-06-13,12.49,12.86,12.28,12.79,12.41,0.38,3.06,17755.89,22464.008,2023-08-01
002177.SZ,2012-06-13,6.51,6.6,6.47,6.56,6.48,0.08,1.23,83981.4,54842.2126,2023-08-01
600206.SH,2012-06-13,9.47,9.58,9.39,9.55,9.41,0.14,1.49,7123.92,6766.645,2023-08-01
002657.SZ,2012-06-13,28.37,28.86,28.3,28.83,28.36,0.47,1.66,8135.0,23291.6016,2023-08-01
000017.SZ,2012-06-13,3.54,3.54,3.43,3.49,3.54,-0.05,-1.41,23970.74,8338.949,2023-08-01
300111.SZ,2012-06-13,9.01,9.08,8.9,9.07,8.98,0.09,1.0,10678.05,9624.4833,2023-08-01
000652.SZ,2012-06-13,4.14,4.21,4.13,4.21,4.13,0.08,1.94,57254.37,23922.5072,2023-08-01
600458.SH,2012-06-13,14.05,14.17,13.65,14.04,13.92,0.12,0.86,47517.96,66126.378,2023-08-01
002544.SZ,2012-06-13,12.3,12.51,12.2,12.5,12.32,0.18,1.46,7135.95,8845.6192,2023-08-01
300292.SZ,2012-06-13,17.15,17.86,17.1,17.65,17.17,0.48,2.8,22932.43,40169.1202,2023-08-01
600559.SH,2012-06-13,26.71,27.9,26.55,27.47,26.83,0.64,2.39,15135.55,41436.272,2023-08-01
000565.SZ,2012-06-13,7.72,7.78,7.6,7.78,7.66,0.12,1.57,8448.94,6511.7196,2023-08-01
600822.SH,2012-06-13,5.83,5.93,5.83,5.92,5.83,0.09,1.54,15396.8,9071.212,2023-08-01
002600.SZ,2012-06-13,15.95,16.74,15.72,16.6,15.84,0.76,4.8,102771.29,167743.4082,2023-08-01
000833.SZ,2012-06-13,7.8,7.9,7.8,7.89,7.78,0.11,1.41,7042.34,5530.5258,2023-08-01
002119.SZ,2012-06-13,7.61,7.74,7.61,7.7,7.62,0.08,1.05,5770.17,4441.0205,2023-08-01
601699.SH,2012-06-13,24.67,24.82,24.07,24.59,24.67,-0.08,-0.32,119281.08,291359.594,2023-08-01
000821.SZ,2012-06-13,4.54,4.63,4.5,4.62,4.54,0.08,1.76,10458.15,4782.9281,2023-08-01
002685.SZ,2012-06-13,9.2,9.49,9.11,9.38,9.08,0.3,3.3,84181.7,78144.8656,2023-08-01
000729.SZ,2012-06-13,7.45,7.67,7.35,7.66,7.43,0.23,3.1,176597.87,133374.6547,2023-08-01
002493.SZ,2012-06-13,16.52,16.88,16.5,16.81,16.61,0.2,1.2,12967.32,21682.3799,2023-08-01
600146.SH,2012-06-13,10.53,10.7,10.5,10.63,10.51,0.12,1.14,41999.88,44617.763,2023-08-01
600848.SH,2012-06-13,8.11,8.13,7.9,8.12,8.06,0.06,0.74,11043.41,8879.042,2023-08-01
000930.SZ,2012-06-13,5.54,5.64,5.51,5.63,5.52,0.11,1.99,40207.75,22410.2623,2023-08-01
600600.SH,2012-06-13,39.2,40.7,38.97,40.5,39.26,1.24,3.16,87575.95,351309.514,2023-08-01
000697.SZ,2012-06-13,14.61,14.95,14.55,14.9,14.6,0.3,2.05,17142.82,25247.5541,2023-08-01
000750.SZ,2012-06-13,12.7,13.77,12.7,13.39,12.65,0.74,5.85,901136.14,1188990.3393,2023-08-01
300109.SZ,2012-06-13,9.99,10.15,9.92,10.13,9.95,0.18,1.81,7298.59,7326.8504,2023-08-01
300027.SZ,2012-06-13,14.7,15.25,14.62,15.13,14.84,0.29,1.95,81939.92,123018.8433,2023-08-01
601958.SH,2012-06-13,13.58,13.75,13.5,13.71,13.54,0.17,1.26,51807.19,70805.266,2023-08-01
002291.SZ,2012-06-13,7.19,7.24,7.1,7.24,7.14,0.1,1.4,12828.16,9219.1981,2023-08-01
000564.SZ,2012-06-13,5.79,5.85,5.76,5.85,5.77,0.08,1.39,14268.37,8294.1432,2023-08-01
002570.SZ,2012-06-13,20.88,21.83,20.88,21.8,21.2,0.6,2.83,40083.17,86203.712,2023-08-01
002495.SZ,2012-06-13,9.54,9.68,9.51,9.68,9.52,0.16,1.68,3406.57,3274.2695,2023-08-01
002173.SZ,2012-06-13,8.37,8.79,8.37,8.63,8.37,0.26,3.11,17711.44,15232.5272,2023-08-01
000826.SZ,2012-06-13,22.93,23.29,22.92,23.13,22.86,0.27,1.18,44058.83,101940.0205,2023-08-01
600354.SH,2012-06-13,6.55,6.55,6.43,6.54,6.49,0.05,0.77,65039.48,42280.247,2023-08-01
002008.SZ,2012-06-13,6.74,6.74,6.61,6.71,6.66,0.05,0.75,97368.78,65002.8854,2023-08-01
600783.SH,2012-06-13,16.91,17.55,16.91,17.5,16.91,0.59,3.49,27173.45,47230.377,2023-08-01
000679.SZ,2012-06-13,6.74,6.85,6.74,6.83,6.76,0.07,1.04,20326.09,13838.7018,2023-08-01
600162.SH,2012-06-13,6.24,6.39,6.09,6.28,6.21,0.07,1.13,181904.3,113852.604,2023-08-01
002578.SZ,2012-06-13,12.46,12.74,12.43,12.7,12.38,0.32,2.58,29156.37,36816.8351,2023-08-01
002032.SZ,2012-06-13,12.86,13.03,12.8,12.98,12.83,0.15,1.17,10274.85,13333.4452,2023-08-01
600272.SH,2012-06-13,8.75,9.11,8.73,9.01,8.74,0.27,3.09,51101.71,45838.518,2023-08-01
002187.SZ,2012-06-13,9.44,9.57,9.41,9.55,9.4,0.15,1.6,7483.92,7109.7433,2023-08-01
600436.SH,2012-06-13,91.97,92.97,89.97,91.3,91.97,-0.67,-0.73,11831.68,107927.599,2023-08-01
000636.SZ,2012-06-13,8.26,8.38,8.19,8.36,8.18,0.18,2.2,48147.35,40059.5935,2023-08-01
002125.SZ,2012-06-13,14.72,15.05,14.72,14.98,14.84,0.14,0.94,5031.68,7513.1894,2023-08-01
300273.SZ,2012-06-13,18.63,19.65,18.35,19.0,18.62,0.38,2.04,37709.92,71564.6711,2023-08-01
601808.SH,2012-06-13,16.92,17.17,16.74,17.12,16.91,0.21,1.24,40311.41,68332.261,2023-08-01
300119.SZ,2012-06-13,15.75,16.04,15.67,16.04,15.71,0.33,2.1,4601.33,7334.5117,2023-08-01
600801.SH,2012-06-13,14.49,14.73,14.27,14.7,14.46,0.24,1.66,50962.13,74169.243,2023-08-01
600408.SH,2012-06-13,4.05,4.1,4.03,4.09,4.05,0.04,0.99,95416.44,38741.686,2023-08-01
601208.SH,2012-06-13,7.97,8.22,7.94,8.18,7.94,0.24,3.02,43818.68,35522.868,2023-08-01
600135.SH,2012-06-13,10.12,10.28,10.05,10.26,10.17,0.09,0.89,32466.05,32984.609,2023-08-01
600302.SH,2012-06-13,4.65,4.74,4.64,4.73,4.65,0.08,1.72,11300.88,5304.602,2023-08-01
002346.SZ,2012-06-13,11.7,11.96,11.7,11.93,11.81,0.12,1.02,4559.3,5414.8528,2023-08-01
000899.SZ,2012-06-13,3.96,4.07,3.94,4.03,3.94,0.09,2.28,68772.3,27617.7346,2023-08-01
300306.SZ,2012-06-13,39.35,39.97,39.3,39.9,39.31,0.59,1.5,2883.15,11441.1114,2023-08-01
300001.SZ,2012-06-13,14.99,15.23,14.68,15.11,14.99,0.12,0.8,15580.18,23237.9771,2023-08-01
002634.SZ,2012-06-13,18.35,18.64,18.08,18.6,18.34,0.26,1.42,15231.23,28047.0996,2023-08-01
002404.SZ,2012-06-13,7.35,7.44,7.28,7.43,7.28,0.15,2.06,17320.27,12798.2597,2023-08-01
002410.SZ,2012-06-13,24.1,24.49,23.9,24.3,24.16,0.14,0.58,8873.0,21451.7087,2023-08-01
600628.SH,2012-06-13,7.11,7.22,7.1,7.22,7.1,0.12,1.69,26550.42,19018.449,2023-08-01
601336.SH,2012-06-13,31.25,34.49,31.15,34.49,31.35,3.14,10.02,100052.19,329715.041,2023-08-01
600791.SH,2012-06-13,4.81,4.89,4.81,4.87,4.8,0.07,1.46,37913.48,18456.085,2023-08-01
600770.SH,2012-06-13,11.83,12.18,11.83,12.05,11.79,0.26,2.21,92189.72,110689.629,2023-08-01
300104.SZ,2012-06-13,24.02,25.42,24.0,24.57,24.7,-0.13,-0.53,124064.39,305939.1581,2023-08-01
600158.SH,2012-06-13,7.01,7.14,6.86,7.1,6.99,0.11,1.57,207390.61,145286.752,2023-08-01
002001.SZ,2012-06-13,21.5,22.16,21.33,21.9,21.37,0.53,2.48,49966.12,109365.6591,2023-08-01
600200.SH,2012-06-13,9.2,9.37,9.15,9.35,9.17,0.18,1.96,85133.63,79047.587,2023-08-01
000822.SZ,2012-06-13,5.11,5.2,5.06,5.18,5.08,0.1,1.97,51390.85,26371.2739,2023-08-01
002099.SZ,2012-06-13,10.08,10.36,9.98,10.27,10.07,0.2,1.99,40441.68,41278.2849,2023-08-01
600257.SH,2012-06-13,7.77,8.09,7.74,8.07,7.72,0.35,4.53,116787.92,93148.043,2023-08-01
002621.SZ,2012-06-13,14.1,14.68,14.0,14.58,14.1,0.48,3.4,35060.09,50513.0504,2023-08-01
300157.SZ,2012-06-13,19.2,19.86,18.95,19.8,19.2,0.6,3.13,18757.92,36457.6318,2023-08-01
002266.SZ,2012-06-13,8.08,8.1,7.86,7.99,8.03,-0.04,-0.5,13835.16,11021.0688,2023-08-01
002351.SZ,2012-06-13,9.52,9.52,9.3,9.43,9.46,-0.03,-0.32,21580.48,20305.9995,2023-08-01
002598.SZ,2012-06-13,7.4,7.52,7.33,7.52,7.37,0.15,2.04,20996.93,15657.7428,2023-08-01
600867.SH,2012-06-13,7.58,7.67,7.52,7.65,7.52,0.13,1.73,41213.47,31450.75,2023-08-01
600086.SH,2012-06-13,14.9,15.07,14.56,14.98,14.89,0.09,0.6,101229.25,150092.16,2023-08-01
600967.SH,2012-06-13,19.0,19.65,18.88,19.63,18.95,0.68,3.59,12114.09,23353.489,2023-08-01
603001.SH,2012-06-13,25.42,26.98,25.41,26.68,25.41,1.27,5.0,76858.09,202636.879,2023-08-01
002553.SZ,2012-06-13,15.63,15.9,15.5,15.85,15.59,0.26,1.67,6497.1,10225.484,2023-08-01
000608.SZ,2012-06-13,4.94,5.01,4.89,4.99,4.94,0.05,1.01,40356.33,19964.1913,2023-08-01
002643.SZ,2012-06-13,20.92,21.2,20.73,21.13,20.92,0.21,1.0,20596.02,43257.5454,2023-08-01
002474.SZ,2012-06-13,18.08,18.43,18.05,18.24,18.03,0.21,1.16,20509.36,37424.485,2023-08-01
002389.SZ,2012-06-13,18.29,18.45,18.07,18.42,18.19,0.23,1.26,11707.75,21419.6751,2023-08-01
600298.SH,2012-06-13,24.21,24.26,23.58,24.18,24.08,0.1,0.42,31672.64,75934.634,2023-08-01
600741.SH,2012-06-13,9.54,9.7,9.49,9.64,9.53,0.11,1.15,56665.79,54420.758,2023-08-01
300066.SZ,2012-06-13,9.85,9.92,9.52,9.92,9.82,0.1,1.02,15236.28,14878.8998,2023-08-01
600326.SH,2012-06-13,11.4,11.6,11.31,11.6,11.36,0.24,2.11,70546.42,81088.859,2023-08-01
002276.SZ,2012-06-13,6.22,6.35,6.22,6.27,6.25,0.02,0.32,48959.78,30683.1247,2023-08-01
000788.SZ,2012-06-13,7.62,7.78,7.59,7.78,7.66,0.12,1.57,20550.28,15837.4427,2023-08-01
002585.SZ,2012-06-13,13.28,13.51,13.27,13.45,13.3,0.15,1.13,12261.94,16443.9786,2023-08-01
000861.SZ,2012-06-13,16.9,17.15,16.8,17.07,16.96,0.11,0.65,14153.43,24079.8978,2023-08-01
300129.SZ,2012-06-13,5.83,5.94,5.71,5.92,5.78,0.14,2.42,72035.55,41986.2462,2023-08-01
601369.SH,2012-06-13,10.33,10.33,10.12,10.3,10.13,0.17,1.68,39368.17,40258.935,2023-08-01
600331.SH,2012-06-13,8.43,8.58,8.35,8.53,8.37,0.16,1.91,52894.19,44898.803,2023-08-01
002535.SZ,2012-06-13,8.47,8.8,8.47,8.7,8.47,0.23,2.72,31801.51,27286.3423,2023-08-01
000932.SZ,2012-06-13,2.59,2.6,2.57,2.6,2.58,0.02,0.78,70282.62,18195.7037,2023-08-01
002577.SZ,2012-06-13,12.38,12.48,12.29,12.45,12.29,0.16,1.3,2237.73,2776.5299,2023-08-01
601718.SH,2012-06-13,3.34,3.39,3.32,3.38,3.33,0.05,1.5,90375.35,30331.264,2023-08-01
002311.SZ,2012-06-13,17.62,17.94,17.52,17.85,17.62,0.23,1.31,15043.9,26683.8633,2023-08-01
002120.SZ,2012-06-13,9.55,9.88,9.45,9.78,9.52,0.26,2.73,44159.81,42820.1399,2023-08-01
002339.SZ,2012-06-13,11.6,11.86,11.6,11.83,11.58,0.25,2.16,6518.49,7671.4898,2023-08-01
000779.SZ,2012-06-13,10.56,10.75,10.41,10.7,10.58,0.12,1.13,18291.33,19387.4459,2023-08-01
000032.SZ,2012-06-13,6.1,6.21,6.1,6.2,6.12,0.08,1.31,7100.48,4388.6205,2023-08-01
600332.SH,2012-06-13,21.55,22.2,21.25,21.93,21.45,0.48,2.24,149332.8,326619.671,2023-08-01
002573.SZ,2012-06-13,20.04,20.29,19.81,20.06,20.05,0.01,0.05,29923.4,60113.7324,2023-08-01
002020.SZ,2012-06-13,12.75,12.98,12.71,12.91,12.73,0.18,1.41,10241.0,13170.7756,2023-08-01
000939.SZ,2012-06-13,9.62,9.86,9.62,9.82,9.6,0.22,2.29,89260.79,87243.8135,2023-08-01
002521.SZ,2012-06-13,12.17,12.43,12.1,12.4,12.1,0.3,2.48,19674.66,24237.848,2023-08-01
603002.SH,2012-06-13,6.8,7.0,6.73,6.98,6.76,0.22,3.25,105637.52,72865.194,2023-08-01
000721.SZ,2012-06-13,6.93,7.02,6.88,7.01,6.9,0.11,1.59,14312.04,9980.8924,2023-08-01
002475.SZ,2012-06-13,25.62,26.6,25.62,26.17,25.8,0.37,1.43,12887.86,33860.2011,2023-08-01
002660.SZ,2012-06-13,20.6,21.29,20.6,21.09,20.99,0.1,0.48,8842.39,18509.8275,2023-08-01
002089.SZ,2012-06-13,8.39,8.57,8.39,8.53,8.36,0.17,2.03,21780.19,18539.0403,2023-08-01
601258.SH,2012-06-13,6.82,7.1,6.81,6.94,6.68,0.26,3.89,121241.0,84112.295,2023-08-01
002227.SZ,2012-06-13,21.4,21.72,21.4,21.72,21.51,0.21,0.98,3872.27,8367.8418,2023-08-01
600452.SH,2012-06-13,9.82,10.66,9.82,10.2,9.96,0.24,2.41,161155.75,162502.515,2023-08-01
600321.SH,2012-06-13,5.19,5.25,5.15,5.25,5.16,0.09,1.74,48553.19,25322.771,2023-08-01
300186.SZ,2012-06-13,14.04,14.3,14.04,14.29,14.08,0.21,1.49,2803.08,3983.9213,2023-08-01
600716.SH,2012-06-13,5.67,5.8,5.65,5.72,5.65,0.07,1.24,46477.3,26526.615,2023-08-01
600468.SH,2012-06-13,13.85,13.99,13.5,13.74,13.81,-0.07,-0.51,29514.37,40373.885,2023-08-01
002623.SZ,2012-06-13,21.45,21.78,21.3,21.73,21.49,0.24,1.12,8569.49,18504.5547,2023-08-01
002300.SZ,2012-06-13,9.15,9.21,9.09,9.2,9.09,0.11,1.21,5751.31,5265.6123,2023-08-01
002640.SZ,2012-06-13,24.37,24.99,24.05,24.95,24.3,0.65,2.67,8180.81,20096.3602,2023-08-01
300296.SZ,2012-06-13,16.47,16.98,16.39,16.88,16.36,0.52,3.18,13961.71,23466.2558,2023-08-01
300016.SZ,2012-06-13,10.7,11.12,10.6,10.96,10.7,0.26,2.43,10625.6,11576.7152,2023-08-01
300082.SZ,2012-06-13,13.56,13.9,13.4,13.7,13.52,0.18,1.33,20547.3,28036.5476,2023-08-01
601088.SH,2012-06-13,23.73,23.79,23.38,23.78,23.59,0.19,0.81,120423.11,283781.859,2023-08-01
002419.SZ,2012-06-13,13.86,14.17,13.83,14.15,13.85,0.3,2.17,24862.57,34998.8706,2023-08-01
600728.SH,2012-06-13,9.11,9.5,9.09,9.44,9.13,0.31,3.4,39753.53,37143.336,2023-08-01
600683.SH,2012-06-13,5.45,5.45,5.34,5.43,5.39,0.04,0.74,37591.11,20304.876,2023-08-01
600210.SH,2012-06-13,4.17,4.25,4.17,4.23,4.17,0.06,1.44,28346.7,11945.289,2023-08-01
601166.SH,2012-06-13,12.59,12.7,12.39,12.61,12.53,0.08,0.64,536177.4,673090.314,2023-08-01
002014.SZ,2012-06-13,15.53,15.69,15.3,15.58,15.6,-0.02,-0.13,17999.97,27819.3443,2023-08-01
000301.SZ,2012-06-13,3.11,3.15,3.1,3.15,3.09,0.06,1.94,37600.74,11783.1308,2023-08-01
600066.SH,2012-06-13,24.08,24.2,23.73,24.11,23.9,0.21,0.88,46390.03,111031.626,2023-08-01
600348.SH,2012-06-13,17.3,17.39,16.8,17.35,17.2,0.15,0.87,190515.43,325504.876,2023-08-01
000014.SZ,2012-06-13,7.86,8.04,7.67,7.9,7.82,0.08,1.02,105846.8,83226.5791,2023-08-01
300121.SZ,2012-06-13,9.87,9.99,9.78,9.97,9.8,0.17,1.73,1726.26,1709.1484,2023-08-01
002583.SZ,2012-06-13,15.83,16.92,15.83,16.82,15.93,0.89,5.59,31235.62,51812.3984,2023-08-01
000673.SZ,2012-06-13,4.47,4.56,4.46,4.55,4.48,0.07,1.56,19241.44,8704.7205,2023-08-01
600029.SH,2012-06-13,4.67,4.71,4.61,4.68,4.64,0.04,0.86,257891.07,120120.937,2023-08-01
600969.SH,2012-06-13,14.98,15.2,14.8,15.09,14.98,0.11,0.73,11964.62,17947.491,2023-08-01
002095.SZ,2012-06-13,12.9,13.03,12.74,13.0,12.81,0.19,1.48,8696.26,11230.6424,2023-08-01
600527.SH,2012-06-13,4.36,4.52,4.3,4.52,4.31,0.21,4.87,55113.76,24393.943,2023-08-01
000982.SZ,2012-06-13,9.67,10.12,9.67,9.98,9.64,0.34,3.53,148271.95,147582.9032,2023-08-01
600220.SH,2012-06-13,3.4,3.43,3.34,3.43,3.39,0.04,1.18,43188.32,14714.702,2023-08-01
000707.SZ,2012-06-13,7.25,7.33,7.2,7.3,7.22,0.08,1.11,63914.51,46488.1091,2023-08-01
601177.SH,2012-06-13,10.2,10.43,10.2,10.35,10.2,0.15,1.47,6041.92,6238.072,2023-08-01
000548.SZ,2012-06-13,5.11,5.36,5.05,5.28,5.23,0.05,0.96,228833.73,118777.3817,2023-08-01
600990.SH,2012-06-13,14.46,14.62,14.34,14.61,14.33,0.28,1.95,5947.7,8640.113,2023-08-01
300029.SZ,2012-06-13,9.46,9.61,9.43,9.61,9.44,0.17,1.8,19597.28,18694.0283,2023-08-01
600470.SH,2012-06-13,10.39,11.05,10.29,11.0,10.42,0.58,5.57,433462.09,460751.775,2023-08-01
000993.SZ,2012-06-13,9.42,9.76,9.42,9.71,9.43,0.28,2.97,41271.8,39821.406,2023-08-01
000006.SZ,2012-06-13,6.21,6.3,6.12,6.22,6.2,0.02,0.32,120305.96,74360.6879,2023-08-01
600004.SH,2012-06-13,6.9,6.98,6.87,6.97,6.9,0.07,1.01,22386.83,15540.954,2023-08-01
002379.SZ,2012-06-13,11.19,11.3,11.05,11.28,11.09,0.19,1.71,8314.27,9291.7741,2023-08-01
000916.SZ,2012-06-13,3.14,3.16,3.13,3.16,3.14,0.02,0.64,13167.1,4151.4815,2023-08-01
600123.SH,2012-06-13,20.4,20.49,19.73,20.37,20.34,0.03,0.15,226546.12,455787.888,2023-08-01
002679.SZ,2012-06-13,11.35,11.75,11.28,11.63,11.36,0.27,2.38,51599.89,59599.6396,2023-08-01
600018.SH,2012-06-13,2.7,2.73,2.69,2.72,2.7,0.02,0.74,54869.77,14859.111,2023-08-01
600100.SH,2012-06-13,8.63,8.75,8.59,8.74,8.61,0.13,1.51,104179.41,90587.507,2023-08-01
002105.SZ,2012-06-13,4.75,4.87,4.7,4.81,4.73,0.08,1.69,6901.57,3310.3593,2023-08-01
000790.SZ,2012-06-13,10.15,10.24,10.07,10.2,10.1,0.1,0.99,37364.8,37973.0182,2023-08-01
002557.SZ,2012-06-13,18.8,19.27,18.72,19.26,18.79,0.47,2.5,7243.56,13771.8508,2023-08-01
002285.SZ,2012-06-13,16.54,16.69,16.38,16.66,16.55,0.11,0.66,20001.45,33076.4383,2023-08-01
600320.SH,2012-06-13,4.48,4.53,4.46,4.52,4.47,0.05,1.12,31714.15,14269.414,2023-08-01
002622.SZ,2012-06-13,14.83,15.17,14.68,15.07,14.75,0.32,2.17,17306.98,25901.2724,2023-08-01
600292.SH,2012-06-13,13.92,14.89,13.87,14.25,13.98,0.27,1.93,191487.34,276661.848,2023-08-01
300151.SZ,2012-06-13,12.27,12.71,12.18,12.5,12.35,0.15,1.21,14078.03,17533.6673,2023-08-01
002172.SZ,2012-06-13,5.14,5.26,5.08,5.23,5.14,0.09,1.75,62849.21,32617.928,2023-08-01
002220.SZ,2012-06-13,8.44,8.52,8.36,8.51,8.39,0.12,1.43,5446.58,4607.6153,2023-08-01
601901.SH,2012-06-13,5.27,5.52,5.26,5.43,5.24,0.19,3.63,2011476.69,1086438.625,2023-08-01
600343.SH,2012-06-13,13.45,13.54,13.2,13.52,13.45,0.07,0.52,83831.22,112496.419,2023-08-01
002074.SZ,2012-06-13,6.56,6.79,6.52,6.7,6.52,0.18,2.76,58372.09,38843.7574,2023-08-01
002113.SZ,2012-06-13,7.82,7.91,7.76,7.9,7.85,0.05,0.64,4331.89,3405.0073,2023-08-01
600074.SH,2012-06-13,3.22,3.22,3.22,3.22,3.07,0.15,4.89,33456.53,10773.003,2023-08-01
600661.SH,2012-06-13,6.75,6.94,6.71,6.87,6.76,0.11,1.63,14192.45,9679.107,2023-08-01
002363.SZ,2012-06-13,13.82,14.2,13.82,14.07,13.88,0.19,1.37,8525.0,11960.6186,2023-08-01
600243.SH,2012-06-13,6.31,6.45,6.28,6.44,6.27,0.17,2.71,26215.03,16700.284,2023-08-01
600589.SH,2012-06-13,5.88,6.2,5.86,6.1,5.87,0.23,3.92,52528.06,31873.881,2023-08-01
000522.SZ,2012-06-13,17.55,17.95,17.36,17.78,17.56,0.22,1.25,186907.58,331689.292,2023-08-01
000671.SZ,2012-06-13,9.34,9.5,9.26,9.39,9.34,0.05,0.54,16108.55,15139.4498,2023-08-01
600423.SH,2012-06-13,6.87,7.1,6.81,7.09,6.84,0.25,3.66,66168.54,46213.324,2023-08-01
000687.SZ,2012-06-13,5.05,5.16,5.01,5.15,5.04,0.11,2.18,39895.17,20245.3308,2023-08-01
000953.SZ,2012-06-13,4.63,4.72,4.62,4.72,4.6,0.12,2.61,16019.79,7480.6325,2023-08-01
600193.SH,2012-06-13,10.72,11.4,10.72,11.22,10.7,0.52,4.86,168457.6,187299.248,2023-08-01
600611.SH,2012-06-13,5.54,5.59,5.43,5.58,5.52,0.06,1.09,47947.86,26438.711,2023-08-01
002463.SZ,2012-06-13,4.48,4.54,4.47,4.54,4.48,0.06,1.34,20266.5,9150.1777,2023-08-01
002135.SZ,2012-06-13,5.93,5.99,5.84,5.93,5.88,0.05,0.85,41824.86,24723.2241,2023-08-01
600615.SH,2012-06-13,10.67,10.87,10.49,10.82,10.63,0.19,1.79,44527.61,47986.033,2023-08-01
600401.SH,2012-06-13,8.31,8.45,8.04,8.27,7.99,0.28,3.5,225981.76,185816.696,2023-08-01
600252.SH,2012-06-13,10.45,11.26,10.41,11.1,10.45,0.65,6.22,547300.49,596041.971,2023-08-01
600058.SH,2012-06-13,25.2,25.5,25.08,25.47,25.18,0.29,1.15,46453.76,117699.4,2023-08-01
002662.SZ,2012-06-13,21.13,22.09,21.13,21.9,21.13,0.77,3.64,28927.7,62927.3879,2023-08-01
600362.SH,2012-06-13,24.67,24.98,24.6,24.88,24.53,0.35,1.43,55077.55,136801.792,2023-08-01
600710.SH,2012-06-13,6.47,6.57,6.45,6.57,6.5,0.07,1.08,25537.12,16670.616,2023-08-01
002100.SZ,2012-06-13,9.96,10.65,9.88,10.47,9.93,0.54,5.44,78898.59,81265.911,2023-08-01
002519.SZ,2012-06-13,13.95,14.47,13.95,14.4,13.96,0.44,3.15,8785.29,12493.8257,2023-08-01
600139.SH,2012-06-13,10.78,10.9,10.67,10.86,10.7,0.16,1.5,48353.91,52274.9,2023-08-01
600367.SH,2012-06-13,12.98,13.08,12.82,13.08,12.84,0.24,1.87,17462.01,22681.392,2023-08-01
000155.SZ,2012-06-13,3.97,4.02,3.95,3.97,3.99,-0.02,-0.5,30359.32,12100.5743,2023-08-01
002606.SZ,2012-06-13,9.13,9.35,9.09,9.31,9.13,0.18,1.97,13708.68,12652.5922,2023-08-01
000893.SZ,2012-06-13,13.78,13.9,13.67,13.84,13.71,0.13,0.95,5404.97,7463.8068,2023-08-01
600020.SH,2012-06-13,2.67,2.7,2.66,2.7,2.67,0.03,1.12,20762.89,5581.615,2023-08-01
601218.SH,2012-06-13,10.98,11.15,10.83,11.14,10.94,0.2,1.83,36647.07,40390.632,2023-08-01
600129.SH,2012-06-13,7.21,7.37,7.16,7.35,7.18,0.17,2.37,34260.53,25001.009,2023-08-01
000046.SZ,2012-06-13,4.68,4.82,4.64,4.81,4.71,0.1,2.12,231088.71,109524.4636,2023-08-01
600268.SH,2012-06-13,8.37,8.78,8.37,8.69,8.38,0.31,3.7,28211.51,24439.775,2023-08-01
600388.SH,2012-06-13,26.78,27.19,26.6,26.93,26.71,0.22,0.82,34050.79,91919.413,2023-08-01
300134.SZ,2012-06-13,12.67,12.91,12.63,12.9,12.65,0.25,1.98,6898.74,8829.8484,2023-08-01
600315.SH,2012-06-13,38.05,39.3,38.05,38.47,38.27,0.2,0.52,24379.57,94749.026,2023-08-01
000609.SZ,2012-06-13,8.47,8.47,8.24,8.37,8.39,-0.02,-0.24,45498.32,37976.4038,2023-08-01
000534.SZ,2012-06-13,6.04,6.13,5.94,6.11,6.05,0.06,0.99,76834.99,46445.6537,2023-08-01
000555.SZ,2012-06-13,6.8,6.91,6.73,6.89,6.74,0.15,2.23,5000.89,3422.2158,2023-08-01
000593.SZ,2012-06-13,6.81,6.9,6.76,6.88,6.8,0.08,1.18,12422.69,8510.2164,2023-08-01
000605.SZ,2012-06-13,11.79,12.05,11.73,11.98,11.87,0.11,0.93,3899.51,4646.7228,2023-08-01
000961.SZ,2012-06-13,13.68,13.98,13.58,13.66,13.61,0.05,0.37,27681.44,37943.8601,2023-08-01
600089.SH,2012-06-13,7.38,7.5,7.38,7.48,7.38,0.1,1.36,93435.8,69506.195,2023-08-01
600115.SH,2012-06-13,4.07,4.13,4.04,4.11,4.05,0.06,1.48,123861.83,50825.105,2023-08-01
600238.SH,2012-06-13,10.96,11.14,10.92,11.06,10.96,0.1,0.91,29596.2,32676.777,2023-08-01
600316.SH,2012-06-13,14.88,15.02,14.77,15.0,14.88,0.12,0.81,24328.19,36332.454,2023-08-01
600385.SH,2012-06-13,5.38,5.38,5.38,5.38,5.12,0.26,5.08,6345.05,3413.637,2023-08-01
600875.SH,2012-06-13,21.28,21.47,21.13,21.45,21.2,0.25,1.18,61513.5,131255.615,2023-08-01
600580.SH,2012-06-13,5.38,5.4,5.3,5.4,5.3,0.1,1.89,26986.48,14478.778,2023-08-01
600416.SH,2012-06-13,7.33,7.41,7.25,7.38,7.3,0.08,1.1,33063.58,24251.955,2023-08-01
600405.SH,2012-06-13,6.56,6.64,6.5,6.64,6.52,0.12,1.84,20999.02,13820.165,2023-08-01
601001.SH,2012-06-13,12.03,12.14,11.92,12.09,11.99,0.1,0.83,25285.2,30422.56,2023-08-01
601006.SH,2012-06-13,7.33,7.39,7.31,7.38,7.32,0.06,0.82,220741.04,162336.272,2023-08-01
002261.SZ,2012-06-13,11.16,11.36,11.06,11.33,11.06,0.27,2.44,30701.55,34518.2117,2023-08-01
002344.SZ,2012-06-13,25.91,26.47,25.91,26.35,25.91,0.44,1.7,12502.35,32841.8078,2023-08-01
002355.SZ,2012-06-13,12.12,12.19,11.87,12.12,12.0,0.12,1.0,8187.19,9816.5795,2023-08-01
002484.SZ,2012-06-13,12.05,12.15,11.95,12.15,12.03,0.12,1.0,4428.99,5345.8838,2023-08-01
002499.SZ,2012-06-13,21.35,23.3,21.21,22.38,21.43,0.95,4.43,163530.21,362866.6357,2023-08-01
601116.SH,2012-06-13,11.5,11.74,11.4,11.6,11.56,0.04,0.35,72988.37,84351.972,2023-08-01
002586.SZ,2012-06-13,14.14,14.47,13.78,14.19,14.19,0.0,0.0,73523.81,104053.5871,2023-08-01
002675.SZ,2012-06-13,25.41,25.89,25.22,25.77,25.39,0.38,1.5,26856.96,68646.3068,2023-08-01
300311.SZ,2012-06-13,16.08,16.34,16.05,16.27,16.2,0.07,0.43,11425.34,18534.5502,2023-08-01
600078.SH,2012-06-13,9.14,9.38,9.12,9.37,9.11,0.26,2.85,247785.67,230094.467,2023-08-01
600226.SH,2012-06-13,7.34,7.45,7.28,7.43,7.31,0.12,1.64,20464.96,15107.638,2023-08-01
000677.SZ,2012-06-13,2.96,3.06,2.95,2.96,2.91,0.05,1.72,472707.91,142625.425,2023-08-01
002106.SZ,2012-06-13,19.25,19.25,18.72,18.92,19.17,-0.25,-1.3,191527.38,362556.1677,2023-08-01
600251.SH,2012-06-13,19.35,19.78,19.31,19.68,19.22,0.46,2.39,24102.09,47181.799,2023-08-01
002358.SZ,2012-06-13,11.85,13.0,11.8,13.0,11.82,1.18,9.98,39539.2,50155.2725,2023-08-01
002270.SZ,2012-06-13,6.59,6.69,6.55,6.66,6.58,0.08,1.22,17013.4,11282.9577,2023-08-01
300128.SZ,2012-06-13,14.35,15.09,14.3,14.82,14.4,0.42,2.92,47006.81,69389.3649,2023-08-01
600359.SH,2012-06-13,6.35,6.48,6.28,6.37,6.32,0.05,0.79,21442.69,13699.869,2023-08-01
000421.SZ,2012-06-13,5.41,5.55,5.41,5.52,5.41,0.11,2.03,18072.35,9912.0493,2023-08-01
600740.SH,2012-06-13,10.24,10.4,10.18,10.38,10.21,0.17,1.67,63362.42,65319.181,2023-08-01
002022.SZ,2012-06-13,10.55,10.89,10.51,10.89,10.54,0.35,3.32,52897.04,56869.3556,2023-08-01
002122.SZ,2012-06-13,6.9,7.0,6.81,7.0,6.91,0.09,1.3,50935.74,35186.8441,2023-08-01
002209.SZ,2012-06-13,7.79,7.86,7.72,7.83,7.8,0.03,0.38,3497.87,2732.0956,2023-08-01
002237.SZ,2012-06-13,40.38,40.67,39.96,40.36,39.95,0.41,1.03,12759.85,51359.5579,2023-08-01
300253.SZ,2012-06-13,19.17,19.78,19.17,19.56,19.2,0.36,1.88,4573.25,8914.179,2023-08-01
002427.SZ,2012-06-13,7.5,7.54,7.41,7.54,7.42,0.12,1.62,6463.43,4842.3905,2023-08-01
600227.SH,2012-06-13,4.05,4.12,4.03,4.1,4.04,0.06,1.49,36539.33,14884.474,2023-08-01
000708.SZ,2012-06-13,10.0,10.12,9.99,10.12,9.96,0.16,1.61,17233.55,17307.1661,2023-08-01
000560.SZ,2012-06-13,8.03,8.2,8.03,8.16,8.01,0.15,1.87,14610.6,11865.3936,2023-08-01
002007.SZ,2012-06-13,23.88,24.88,23.81,24.7,23.89,0.81,3.39,99474.73,243625.4076,2023-08-01
600721.SH,2012-06-13,10.92,11.15,10.9,11.06,10.92,0.14,1.28,7155.11,7901.529,2023-08-01
002321.SZ,2012-06-13,7.19,7.29,7.1,7.26,7.14,0.12,1.68,13569.89,9762.4024,2023-08-01
601908.SH,2012-06-13,8.55,8.66,8.25,8.59,8.6,-0.01,-0.12,63330.01,53526.117,2023-08-01
600685.SH,2012-06-13,14.57,14.65,14.43,14.64,14.56,0.08,0.55,47172.28,68649.871,2023-08-01
600866.SH,2012-06-13,5.92,6.05,5.89,6.01,5.92,0.09,1.52,36405.5,21749.939,2023-08-01
600832.SH,2012-06-13,5.62,5.64,5.55,5.63,5.59,0.04,0.72,123500.94,69160.383,2023-08-01
002592.SZ,2012-06-13,18.23,18.54,18.17,18.48,18.24,0.24,1.32,6553.76,12014.7363,2023-08-01
002085.SZ,2012-06-13,9.12,9.32,9.12,9.31,9.12,0.19,2.08,8055.97,7450.9157,2023-08-01
000630.SZ,2012-06-13,20.86,21.25,20.86,21.2,20.72,0.48,2.32,158145.92,333225.5033,2023-08-01
002224.SZ,2012-06-13,8.95,9.11,8.8,9.1,9.0,0.1,1.11,24703.67,22137.0796,2023-08-01
000920.SZ,2012-06-13,8.15,8.31,8.05,8.27,8.13,0.14,1.72,59972.57,49191.1111,2023-08-01
000090.SZ,2012-06-13,8.2,8.31,8.2,8.29,8.18,0.11,1.34,68660.73,56817.6463,2023-08-01
601333.SH,2012-06-13,3.09,3.12,3.09,3.12,3.09,0.03,0.97,168508.52,52275.437,2023-08-01
300204.SZ,2012-06-13,48.01,48.35,47.48,48.1,47.91,0.19,0.4,16660.7,79824.2294,2023-08-01
600993.SH,2012-06-13,15.61,16.68,15.6,16.57,15.54,1.03,6.63,168693.47,273645.88,2023-08-01
002303.SZ,2012-06-13,17.67,18.25,17.55,18.23,17.62,0.61,3.46,10891.58,19771.5099,2023-08-01
600690.SH,2012-06-13,11.72,12.02,11.72,11.99,11.74,0.25,2.13,150230.46,178761.076,2023-08-01
601939.SH,2012-06-13,4.43,4.44,4.41,4.44,4.42,0.02,0.45,157193.4,69575.453,2023-08-01
000782.SZ,2012-06-13,4.39,4.43,4.32,4.4,4.38,0.02,0.46,37070.72,16221.4315,2023-08-01
300117.SZ,2012-06-13,7.43,7.52,7.35,7.47,7.37,0.1,1.36,10663.9,7931.7096,2023-08-01
000667.SZ,2012-06-13,2.33,2.35,2.31,2.34,2.33,0.01,0.43,177081.18,41251.4305,2023-08-01
600211.SH,2012-06-13,11.69,11.97,11.69,11.92,11.64,0.28,2.41,8414.44,9984.394,2023-08-01
600420.SH,2012-06-13,13.22,13.6,13.15,13.48,13.24,0.24,1.81,73668.93,98630.907,2023-08-01
000635.SZ,2012-06-13,11.25,11.53,11.25,11.48,11.27,0.21,1.86,11715.99,13338.7794,2023-08-01
600084.SH,2012-06-13,6.7,6.86,6.68,6.82,6.7,0.12,1.79,35847.29,24367.185,2023-08-01
600785.SH,2012-06-13,18.45,19.08,18.37,18.87,18.34,0.53,2.89,24237.69,45670.972,2023-08-01
002681.SZ,2012-06-13,11.35,11.46,11.28,11.44,11.33,0.11,0.97,28536.81,32504.5945,2023-08-01
300097.SZ,2012-06-13,13.4,13.81,13.4,13.6,13.4,0.2,1.49,2881.68,3914.6364,2023-08-01
600676.SH,2012-06-13,4.7,4.77,4.7,4.77,4.7,0.07,1.49,32380.57,15293.79,2023-08-01
002181.SZ,2012-06-13,9.85,10.01,9.81,10.0,9.85,0.15,1.52,26828.8,26698.7936,2023-08-01
600282.SH,2012-06-13,2.7,2.72,2.68,2.72,2.7,0.02,0.74,16869.39,4554.267,2023-08-01
000915.SZ,2012-06-13,14.76,15.28,14.76,15.27,14.8,0.47,3.18,48113.89,72722.7956,2023-08-01
002476.SZ,2012-06-13,6.7,6.86,6.68,6.76,6.65,0.11,1.65,25170.99,16992.7348,2023-08-01
600566.SH,2012-06-13,8.2,8.42,8.18,8.37,8.21,0.16,1.95,10788.29,8973.75,2023-08-01
600203.SH,2012-06-13,5.0,5.12,5.0,5.1,5.01,0.09,1.8,11916.7,6037.839,2023-08-01
002491.SZ,2012-06-13,11.82,11.95,11.75,11.95,11.85,0.1,0.84,4881.04,5799.2847,2023-08-01
000153.SZ,2012-06-13,6.89,6.95,6.79,6.95,6.86,0.09,1.31,19608.78,13487.3994,2023-08-01
300067.SZ,2012-06-13,9.16,9.27,9.03,9.2,9.04,0.16,1.77,22144.93,20267.8115,2023-08-01
002506.SZ,2012-06-13,11.44,11.58,11.27,11.52,11.33,0.19,1.68,98432.45,112551.223,2023-08-01
002368.SZ,2012-06-13,15.95,16.18,15.79,16.15,15.9,0.25,1.57,13784.36,21965.115,2023-08-01
000408.SZ,2012-06-13,8.91,8.97,8.81,8.91,8.9,0.01,0.11,47353.61,42071.8892,2023-08-01
300199.SZ,2012-06-13,14.88,15.37,14.88,15.34,14.88,0.46,3.09,10856.33,16506.1569,2023-08-01
002280.SZ,2012-06-13,12.4,12.64,12.28,12.63,12.51,0.12,0.96,4013.74,4994.3584,2023-08-01
600036.SH,2012-06-13,10.85,10.95,10.79,10.89,10.81,0.08,0.74,380132.11,413336.534,2023-08-01
300274.SZ,2012-06-13,11.07,11.25,10.99,11.23,11.06,0.17,1.54,17183.4,19147.3957,2023-08-01
600219.SH,2012-06-13,7.16,7.23,7.13,7.21,7.13,0.08,1.12,42195.51,30306.611,2023-08-01
000410.SZ,2012-06-13,8.19,8.29,8.13,8.28,8.18,0.1,1.22,21028.64,17310.7013,2023-08-01
002676.SZ,2012-06-13,13.17,13.33,13.12,13.33,13.13,0.2,1.52,14365.08,19037.5979,2023-08-01
300013.SZ,2012-06-13,10.89,11.35,10.77,11.3,10.97,0.33,3.01,17749.83,19579.2325,2023-08-01
600684.SH,2012-06-13,9.02,9.15,8.98,9.1,8.99,0.11,1.22,30396.86,27604.812,2023-08-01
002575.SZ,2012-06-13,13.83,13.96,13.5,13.68,13.71,-0.03,-0.22,6492.19,8894.0553,2023-08-01
000999.SZ,2012-06-13,21.33,22.16,21.3,21.41,21.33,0.08,0.38,72825.04,158122.6705,2023-08-01
600735.SH,2012-06-13,9.87,9.99,9.58,9.97,10.02,-0.05,-0.5,171066.68,167125.741,2023-08-01
601299.SH,2012-06-13,4.13,4.19,4.09,4.18,4.11,0.07,1.7,401625.31,166029.691,2023-08-01
002388.SZ,2012-06-13,9.65,9.7,9.55,9.59,9.65,-0.06,-0.62,6012.26,5783.6644,2023-08-01
002132.SZ,2012-06-13,6.05,6.11,5.97,6.1,6.03,0.07,1.16,28526.22,17283.6974,2023-08-01
002091.SZ,2012-06-13,11.85,12.17,11.73,12.12,11.79,0.33,2.8,53245.18,63819.7611,2023-08-01
600722.SH,2012-06-13,5.04,5.1,5.01,5.07,5.04,0.03,0.6,15554.66,7848.342,2023-08-01
600064.SH,2012-06-13,11.21,11.73,11.13,11.7,11.14,0.56,5.03,91200.51,104911.35,2023-08-01
300219.SZ,2012-06-13,10.5,10.9,10.3,10.85,10.5,0.35,3.33,25619.18,27388.1582,2023-08-01
002677.SZ,2012-06-13,9.84,10.03,9.7,10.01,9.87,0.14,1.42,53569.99,53016.9603,2023-08-01
000589.SZ,2012-06-13,5.76,5.94,5.69,5.91,5.75,0.16,2.78,110132.81,64483.0499,2023-08-01
002516.SZ,2012-06-13,8.13,8.26,8.13,8.24,8.13,0.11,1.35,6582.76,5408.711,2023-08-01
300196.SZ,2012-06-13,15.8,15.93,15.61,15.9,15.76,0.14,0.89,6861.76,10844.3762,2023-08-01
000008.SZ,2012-06-13,10.16,10.35,10.0,10.28,10.08,0.2,1.98,6563.24,6727.416,2023-08-01
300302.SZ,2012-06-13,25.61,26.24,25.3,26.2,25.6,0.6,2.34,6192.49,15969.5157,2023-08-01
000429.SZ,2012-06-13,3.16,3.21,3.16,3.2,3.17,0.03,0.95,13679.23,4354.4065,2023-08-01
300024.SZ,2012-06-13,20.97,21.3,20.88,21.16,20.93,0.23,1.1,21148.93,44678.3348,2023-08-01
002153.SZ,2012-06-13,25.95,26.54,25.82,26.49,25.88,0.61,2.36,4051.69,10675.9577,2023-08-01
600501.SH,2012-06-13,9.4,9.57,9.35,9.56,9.43,0.13,1.38,38313.89,36335.16,2023-08-01
600267.SH,2012-06-13,16.56,17.19,16.4,17.03,16.53,0.5,3.02,94078.04,158349.252,2023-08-01
000902.SZ,2012-06-13,7.28,7.28,7.17,7.22,7.22,0.0,0.0,10001.5,7210.2408,2023-08-01
600560.SH,2012-06-13,7.68,7.79,7.62,7.78,7.65,0.13,1.7,7689.67,5935.525,2023-08-01
002096.SZ,2012-06-13,30.3,31.1,29.86,30.28,30.3,-0.02,-0.07,9058.49,27231.3119,2023-08-01
600826.SH,2012-06-13,14.06,14.2,13.82,14.11,14.01,0.1,0.71,43013.21,60308.467,2023-08-01
600197.SH,2012-06-13,14.16,14.65,14.08,14.62,14.1,0.52,3.69,91334.44,131522.483,2023-08-01
300037.SZ,2012-06-13,18.01,18.38,17.91,18.38,18.01,0.37,2.05,4693.11,8566.4148,2023-08-01
000783.SZ,2012-06-13,10.0,10.28,9.89,10.17,9.91,0.26,2.62,171018.93,173391.9248,2023-08-01
600557.SH,2012-06-13,14.16,15.05,14.16,14.8,14.09,0.71,5.04,97058.01,142115.909,2023-08-01
300255.SZ,2012-06-13,18.55,18.98,18.52,18.86,18.55,0.31,1.67,7512.83,14156.0145,2023-08-01
300194.SZ,2012-06-13,20.3,20.59,20.12,20.44,20.15,0.29,1.44,3454.72,7047.0866,2023-08-01
600491.SH,2012-06-13,6.7,6.76,6.62,6.71,6.68,0.03,0.45,216921.33,145108.823,2023-08-01
002545.SZ,2012-06-13,15.75,16.0,15.75,15.94,15.75,0.19,1.21,4578.3,7271.9111,2023-08-01
601998.SH,2012-06-13,3.97,4.02,3.94,4.0,3.97,0.03,0.76,229158.12,91310.895,2023-08-01
002560.SZ,2012-06-13,14.78,15.46,14.54,15.45,14.57,0.88,6.04,18877.1,28513.5102,2023-08-01
002428.SZ,2012-06-13,23.33,23.6,22.83,23.29,23.35,-0.06,-0.26,45798.29,106334.5467,2023-08-01
600756.SH,2012-06-13,9.1,9.47,9.01,9.45,9.1,0.35,3.85,165524.78,153483.466,2023-08-01
600172.SH,2012-06-13,7.14,7.23,7.09,7.2,7.08,0.12,1.69,37675.0,27005.361,2023-08-01
002371.SZ,2012-06-13,27.8,27.87,27.37,27.8,27.58,0.22,0.8,4096.85,11334.2544,2023-08-01
300048.SZ,2012-06-13,9.44,9.78,9.38,9.74,9.38,0.36,3.84,35120.46,33820.4587,2023-08-01
600393.SH,2012-06-13,6.19,6.29,6.12,6.22,6.19,0.03,0.48,27066.95,16795.771,2023-08-01
600247.SH,2012-06-13,4.7,4.77,4.67,4.76,4.68,0.08,1.71,34711.11,16435.296,2023-08-01
000976.SZ,2012-06-13,3.84,3.9,3.83,3.89,3.83,0.06,1.57,42592.65,16524.3281,2023-08-01
600081.SH,2012-06-13,7.66,7.76,7.59,7.7,7.65,0.05,0.65,8657.76,6647.639,2023-08-01
002050.SZ,2012-06-13,11.03,11.23,10.94,11.21,10.88,0.33,3.03,12819.8,14200.0372,2023-08-01
600273.SH,2012-06-13,6.19,6.27,6.15,6.25,6.19,0.06,0.97,30584.63,19045.185,2023-08-01
002162.SZ,2012-06-13,8.22,8.47,8.15,8.25,8.2,0.05,0.61,123593.8,102294.281,2023-08-01
600637.SH,2012-06-13,14.02,14.6,13.9,14.47,14.01,0.46,3.28,63764.06,90880.051,2023-08-01
600619.SH,2012-06-13,7.68,7.83,7.67,7.79,7.66,0.13,1.7,12525.44,9735.141,2023-08-01
000597.SZ,2012-06-13,7.5,7.69,7.45,7.64,7.49,0.15,2.0,23035.6,17432.3375,2023-08-01
600764.SH,2012-06-13,6.26,6.3,6.16,6.29,6.18,0.11,1.78,12366.69,7730.657,2023-08-01
000048.SZ,2012-06-13,7.32,7.4,7.31,7.39,7.31,0.08,1.09,14703.03,10792.7506,2023-08-01
600538.SH,2012-06-13,5.01,5.1,4.96,5.07,5.0,0.07,1.4,14740.5,7424.107,2023-08-01
002138.SZ,2012-06-13,9.67,9.72,9.52,9.7,9.61,0.09,0.94,10630.99,10220.065,2023-08-01
600642.SH,2012-06-13,4.38,4.53,4.37,4.51,4.37,0.14,3.2,289133.67,129585.426,2023-08-01
300036.SZ,2012-06-13,13.27,13.44,13.21,13.42,13.23,0.19,1.44,21139.12,28192.3982,2023-08-01
002318.SZ,2012-06-13,12.82,13.07,12.68,13.05,12.82,0.23,1.79,40177.65,51831.1843,2023-08-01
600776.SH,2012-06-13,5.29,5.37,5.24,5.37,5.24,0.13,2.48,22012.46,11709.504,2023-08-01
002467.SZ,2012-06-13,11.55,11.62,11.38,11.59,11.48,0.11,0.96,10769.98,12389.6149,2023-08-01
601311.SH,2012-06-13,9.74,9.98,9.7,9.92,9.71,0.21,2.16,63173.38,62332.021,2023-08-01
600617.SH,2012-06-13,9.48,9.95,9.42,9.95,9.48,0.47,4.96,54173.25,53177.777,2023-08-01
600082.SH,2012-06-13,4.48,4.64,4.45,4.58,4.46,0.12,2.69,135584.17,61720.399,2023-08-01
600353.SH,2012-06-13,6.51,6.65,6.48,6.61,6.51,0.1,1.54,15046.83,9915.989,2023-08-01
600107.SH,2012-06-13,9.14,9.19,8.8,9.11,9.09,0.02,0.22,115830.21,104474.72,2023-08-01
002508.SZ,2012-06-13,17.3,17.79,17.25,17.75,17.39,0.36,2.07,22844.87,40181.8586,2023-08-01
002390.SZ,2012-06-13,17.8,19.18,17.8,18.3,18.06,0.24,1.33,60598.79,111360.5391,2023-08-01
002423.SZ,2012-06-13,7.59,7.73,7.5,7.73,7.52,0.21,2.79,7982.74,6094.1512,2023-08-01
600987.SH,2012-06-13,6.06,6.17,6.0,6.16,6.08,0.08,1.32,11085.49,6766.347,2023-08-01
300192.SZ,2012-06-13,14.31,14.62,14.3,14.59,14.31,0.28,1.96,3402.01,4932.2917,2023-08-01
002260.SZ,2012-06-13,6.21,6.47,6.21,6.45,6.2,0.25,4.03,30336.06,19357.3447,2023-08-01
600597.SH,2012-06-13,9.76,9.88,9.66,9.79,9.75,0.04,0.41,34647.88,33914.82,2023-08-01
600723.SH,2012-06-13,9.26,9.38,9.24,9.37,9.23,0.14,1.52,33478.23,31259.991,2023-08-01
600098.SH,2012-06-13,6.99,7.24,6.95,7.18,7.03,0.15,2.13,99231.76,70650.974,2023-08-01
600217.SH,2012-06-13,3.52,3.63,3.52,3.6,3.53,0.07,1.98,25748.34,9250.912,2023-08-01
002021.SZ,2012-06-13,4.48,4.63,4.46,4.62,4.48,0.14,3.13,140148.43,63767.2745,2023-08-01
600237.SH,2012-06-13,5.43,5.66,5.43,5.6,5.48,0.12,2.19,53581.39,29873.265,2023-08-01
600399.SH,2012-06-13,5.0,5.06,4.99,5.06,5.0,0.06,1.2,17732.32,8929.925,2023-08-01
300260.SZ,2012-06-13,21.6,22.27,21.55,22.18,21.9,0.28,1.28,13614.0,29885.458,2023-08-01
601880.SH,2012-06-13,3.01,3.06,3.0,3.06,3.02,0.04,1.32,225077.8,68353.033,2023-08-01
300171.SZ,2012-06-13,24.71,25.7,24.6,25.68,24.68,1.0,4.05,13153.65,33281.3729,2023-08-01
600797.SH,2012-06-13,4.83,4.87,4.8,4.87,4.82,0.05,1.04,30578.04,14819.646,2023-08-01
002468.SZ,2012-06-13,7.81,8.27,7.79,8.25,7.79,0.46,5.91,27154.52,21982.173,2023-08-01
600724.SH,2012-06-13,8.21,8.32,8.12,8.23,8.21,0.02,0.24,14389.21,11852.803,2023-08-01
000810.SZ,2012-06-13,9.88,10.03,9.8,10.03,9.98,0.05,0.5,3565.7,3550.8068,2023-08-01
600760.SH,2012-06-13,8.24,8.37,8.12,8.35,8.21,0.14,1.71,36721.72,30405.113,2023-08-01
300130.SZ,2012-06-13,15.29,15.98,15.29,15.88,15.29,0.59,3.86,9789.45,15210.2627,2023-08-01
000528.SZ,2012-06-13,13.8,14.05,13.58,13.81,13.8,0.01,0.07,128314.22,178191.4334,2023-08-01
000778.SZ,2012-06-13,7.04,7.19,7.04,7.13,7.02,0.11,1.57,95270.61,67882.5856,2023-08-01
600117.SH,2012-06-13,6.12,6.17,5.99,6.14,6.12,0.02,0.33,54461.25,33062.388,2023-08-01
300015.SZ,2012-06-13,20.85,21.27,20.68,20.99,20.8,0.19,0.91,22545.84,47511.0652,2023-08-01
600059.SH,2012-06-13,14.8,15.63,14.8,15.57,14.75,0.82,5.56,266184.76,407668.286,2023-08-01
002526.SZ,2012-06-13,6.52,6.59,6.49,6.57,6.49,0.08,1.23,67478.34,44004.7705,2023-08-01
600737.SH,2012-06-13,6.45,6.58,6.29,6.56,6.46,0.1,1.55,87714.25,56234.805,2023-08-01
300061.SZ,2012-06-13,7.93,8.03,7.92,8.03,7.9,0.13,1.65,2392.16,1910.7699,2023-08-01
002625.SZ,2012-06-13,14.78,15.55,14.74,15.39,14.78,0.61,4.13,13776.05,20986.8499,2023-08-01
600276.SH,2012-06-13,28.01,28.97,28.01,28.88,28.12,0.76,2.7,37826.71,108381.084,2023-08-01
002549.SZ,2012-06-13,13.31,13.88,13.31,13.62,13.5,0.12,0.89,9573.74,13106.9224,2023-08-01
002248.SZ,2012-06-13,9.98,10.08,9.91,10.06,10.01,0.05,0.5,14040.03,14045.9987,2023-08-01
600583.SH,2012-06-13,5.71,5.81,5.7,5.78,5.7,0.08,1.4,127570.65,73419.626,2023-08-01
002382.SZ,2012-06-13,11.24,11.63,10.91,11.46,11.13,0.33,2.97,86379.44,97799.0254,2023-08-01
601899.SH,2012-06-13,4.09,4.1,4.05,4.09,4.07,0.02,0.49,301714.17,122940.259,2023-08-01
002084.SZ,2012-06-13,5.65,5.68,5.57,5.64,5.62,0.02,0.36,17893.82,10074.7139,2023-08-01
002064.SZ,2012-06-13,5.74,5.78,5.66,5.78,5.73,0.05,0.87,37131.43,21261.401,2023-08-01
601877.SH,2012-06-13,16.34,16.34,16.05,16.24,16.21,0.03,0.19,14817.41,23998.493,2023-08-01
600651.SH,2012-06-13,7.47,7.65,7.42,7.6,7.41,0.19,2.56,41057.84,31023.562,2023-08-01
002477.SZ,2012-06-13,17.46,18.5,17.45,18.37,17.45,0.92,5.27,74608.45,134035.8072,2023-08-01
000603.SZ,2012-06-13,24.6,24.75,24.32,24.71,24.5,0.21,0.86,8726.74,21421.4674,2023-08-01
000656.SZ,2012-06-13,12.67,12.9,12.4,12.72,12.59,0.13,1.03,70474.39,89205.88,2023-08-01
000416.SZ,2012-06-13,6.56,6.68,6.47,6.62,6.56,0.06,0.91,18501.55,12179.9332,2023-08-01
002663.SZ,2012-06-13,42.35,45.2,42.35,44.31,42.56,1.75,4.11,42447.86,186544.9847,2023-08-01
600056.SH,2012-06-13,22.3,23.11,22.24,23.02,22.22,0.8,3.6,67830.32,153733.833,2023-08-01
000735.SZ,2012-06-13,4.84,4.94,4.83,4.92,4.84,0.08,1.65,95541.44,46761.3533,2023-08-01
600694.SH,2012-06-13,34.06,34.8,34.06,34.75,33.99,0.76,2.24,12848.92,44358.684,2023-08-01
600261.SH,2012-06-13,12.5,12.78,12.45,12.68,12.54,0.14,1.12,35416.15,44860.425,2023-08-01
600161.SH,2012-06-13,14.4,14.69,14.28,14.65,14.34,0.31,2.16,28024.01,40716.206,2023-08-01
000975.SZ,2012-06-13,8.96,9.2,8.79,9.16,8.91,0.25,2.81,175323.6,158207.6332,2023-08-01
000800.SZ,2012-06-13,12.3,12.3,11.99,12.2,12.3,-0.1,-0.81,64790.92,78595.3699,2023-08-01
600673.SH,2012-06-13,8.92,8.94,8.6,8.85,8.98,-0.13,-1.45,136200.96,119666.991,2023-08-01
002322.SZ,2012-06-13,18.0,18.36,17.93,18.36,17.99,0.37,2.06,12074.7,21932.2456,2023-08-01
600516.SH,2012-06-13,9.38,9.52,9.32,9.49,9.45,0.04,0.42,79715.27,75226.938,2023-08-01
002070.SZ,2012-06-13,5.15,5.15,5.04,5.12,5.08,0.04,0.79,16696.7,8497.0862,2023-08-01
002448.SZ,2012-06-13,24.54,25.14,24.51,25.11,24.5,0.61,2.49,6685.88,16638.2679,2023-08-01
600333.SH,2012-06-13,6.81,6.92,6.81,6.91,6.8,0.11,1.62,18846.21,12973.877,2023-08-01
600108.SH,2012-06-13,5.05,5.15,5.02,5.14,5.04,0.1,1.98,79741.44,40620.31,2023-08-01
002024.SZ,2012-06-13,8.85,8.95,8.71,8.93,8.79,0.14,1.59,442973.38,391068.7221,2023-08-01
300158.SZ,2012-06-13,23.83,24.08,23.8,24.05,23.67,0.38,1.61,5463.18,13093.973,2023-08-01
002649.SZ,2012-06-13,14.17,14.25,13.91,14.16,14.11,0.05,0.35,21921.99,30865.7456,2023-08-01
002644.SZ,2012-06-13,14.71,14.9,14.59,14.87,14.7,0.17,1.16,9980.59,14727.3021,2023-08-01
000985.SZ,2012-06-13,12.4,12.42,12.18,12.41,12.29,0.12,0.98,1188.19,1466.6225,2023-08-01
002542.SZ,2012-06-13,15.7,15.99,15.37,15.89,15.69,0.2,1.27,112561.35,177331.5132,2023-08-01
002641.SZ,2012-06-13,13.88,14.24,13.85,14.21,13.88,0.33,2.38,14053.14,19836.9532,2023-08-01
600021.SH,2012-06-13,5.22,5.57,5.22,5.44,5.24,0.2,3.82,175336.04,95229.056,2023-08-01
300195.SZ,2012-06-13,24.38,24.96,24.2,24.89,24.0,0.89,3.71,4968.69,12308.9694,2023-08-01
000852.SZ,2012-06-13,17.9,18.21,17.88,18.06,17.86,0.2,1.12,86875.99,156567.2356,2023-08-01
600713.SH,2012-06-13,4.78,4.95,4.76,4.92,4.79,0.13,2.71,137311.55,66935.714,2023-08-01
002199.SZ,2012-06-13,7.0,7.12,7.0,7.1,7.0,0.1,1.43,7529.83,5328.7114,2023-08-01
002489.SZ,2012-06-13,11.27,11.48,11.2,11.42,11.27,0.15,1.33,29055.55,32980.1903,2023-08-01
002229.SZ,2012-06-13,6.9,7.19,6.78,7.1,6.89,0.21,3.05,41563.75,29079.454,2023-08-01
601616.SH,2012-06-13,4.74,5.13,4.74,5.13,4.66,0.47,10.09,295548.87,150836.516,2023-08-01
300155.SZ,2012-06-13,11.98,12.18,11.98,12.18,11.95,0.23,1.92,16522.27,20008.576,2023-08-01
600083.SH,2012-06-13,4.86,4.92,4.83,4.89,4.85,0.04,0.82,13427.2,6538.143,2023-08-01
300277.SZ,2012-06-13,21.53,21.96,21.4,21.83,21.44,0.39,1.82,5108.7,11077.9462,2023-08-01
300242.SZ,2012-06-13,10.09,10.35,10.05,10.34,10.03,0.31,3.09,8280.58,8466.3898,2023-08-01
002406.SZ,2012-06-13,9.81,10.12,9.81,10.07,9.81,0.26,2.65,13818.45,13778.4389,2023-08-01
600230.SH,2012-06-13,11.28,11.65,11.22,11.61,11.23,0.38,3.38,31064.01,35702.934,2023-08-01
601268.SH,2012-06-13,6.61,6.68,6.56,6.67,6.61,0.06,0.91,42187.67,27922.066,2023-08-01
601005.SH,2012-06-13,3.02,3.06,3.0,3.04,3.03,0.01,0.33,43551.27,13196.175,2023-08-01
002273.SZ,2012-06-13,17.25,18.19,17.09,17.19,17.21,-0.02,-0.12,76202.33,134180.3719,2023-08-01
002376.SZ,2012-06-13,17.4,17.99,17.4,17.89,17.42,0.47,2.7,7694.62,13692.3399,2023-08-01
600624.SH,2012-06-13,5.8,5.91,5.76,5.9,5.79,0.11,1.9,15876.33,9297.806,2023-08-01
600552.SH,2012-06-13,20.58,20.8,20.39,20.74,20.45,0.29,1.42,5049.63,10410.482,2023-08-01
002190.SZ,2012-06-13,16.68,16.86,16.62,16.8,16.72,0.08,0.48,6623.95,11103.0962,2023-08-01
000725.SZ,2012-06-13,1.94,1.98,1.92,1.96,1.95,0.01,0.51,1228480.21,240250.7476,2023-08-01
600521.SH,2012-06-13,13.95,14.62,13.9,14.34,14.0,0.34,2.43,34134.17,48958.487,2023-08-01
002505.SZ,2012-06-13,11.5,11.67,11.41,11.66,11.4,0.26,2.28,12447.28,14396.6404,2023-08-01
601777.SH,2012-06-13,7.17,7.3,7.14,7.28,7.15,0.13,1.82,16892.58,12213.551,2023-08-01
002348.SZ,2012-06-13,11.89,11.9,11.74,11.88,11.96,-0.08,-0.67,2919.45,3458.5076,2023-08-01
600635.SH,2012-06-13,4.87,4.93,4.82,4.9,4.83,0.07,1.45,90566.64,44192.381,2023-08-01
601800.SH,2012-06-13,5.07,5.12,5.06,5.1,5.06,0.04,0.79,467638.55,238326.863,2023-08-01
600489.SH,2012-06-13,23.65,23.9,23.52,23.83,23.44,0.39,1.66,94753.17,225035.19,2023-08-01
000723.SZ,2012-06-13,13.47,13.68,13.31,13.68,13.47,0.21,1.56,13534.78,18304.4709,2023-08-01
600876.SH,2012-06-13,6.55,6.79,6.53,6.66,6.64,0.02,0.3,29173.24,19296.656,2023-08-01
002212.SZ,2012-06-13,5.52,5.63,5.52,5.62,5.51,0.11,2.0,18379.74,10285.8666,2023-08-01
600391.SH,2012-06-13,17.4,17.63,17.2,17.61,17.29,0.32,1.85,6080.94,10583.655,2023-08-01
300053.SZ,2012-06-13,7.9,8.4,7.9,8.28,7.97,0.31,3.89,45339.62,36902.43,2023-08-01
000042.SZ,2012-06-13,20.84,20.89,20.51,20.8,20.72,0.08,0.39,20766.2,43051.952,2023-08-01
300019.SZ,2012-06-13,12.0,12.18,12.0,12.18,11.97,0.21,1.75,3080.81,3731.9347,2023-08-01
600192.SH,2012-06-13,6.08,6.15,6.03,6.14,6.06,0.08,1.32,9991.93,6098.337,2023-08-01
600682.SH,2012-06-13,8.68,8.78,8.54,8.75,8.62,0.13,1.51,12560.77,10891.305,2023-08-01
600448.SH,2012-06-13,3.97,4.06,3.93,4.02,3.97,0.05,1.26,20931.65,8355.049,2023-08-01
002151.SZ,2012-06-13,22.16,22.33,21.87,22.26,22.17,0.09,0.41,12882.18,28507.1637,2023-08-01
000785.SZ,2012-06-13,7.01,7.04,6.88,6.99,6.99,0.0,0.0,28706.93,19968.2774,2023-08-01
002610.SZ,2012-06-13,8.24,8.34,8.19,8.33,8.25,0.08,0.97,15989.88,13222.11,2023-08-01
600668.SH,2012-06-13,12.89,13.55,12.64,13.33,12.82,0.51,3.98,331005.72,435559.904,2023-08-01
002605.SZ,2012-06-13,19.74,20.33,19.6,20.26,19.58,0.68,3.47,7409.08,14848.1,2023-08-01
000718.SZ,2012-06-13,8.61,8.84,8.55,8.81,8.61,0.2,2.32,61703.91,53775.8372,2023-08-01
002108.SZ,2012-06-13,8.34,8.42,8.25,8.42,8.34,0.08,0.96,11211.96,9358.9786,2023-08-01
601989.SH,2012-06-13,5.42,5.58,5.38,5.55,5.42,0.13,2.4,380069.29,207790.477,2023-08-01
600149.SH,2012-06-13,7.1,7.25,7.1,7.13,7.13,0.0,0.0,70202.8,50352.129,2023-08-01
000888.SZ,2012-06-13,19.24,19.89,19.24,19.86,19.5,0.36,1.85,9446.64,18614.1595,2023-08-01
002458.SZ,2012-06-13,14.02,14.33,13.88,14.17,13.93,0.24,1.72,13634.56,19252.1923,2023-08-01
300156.SZ,2012-06-13,12.26,13.17,12.0,12.74,12.7,0.04,0.32,264141.19,331613.774,2023-08-01
601607.SH,2012-06-13,10.15,10.55,10.09,10.51,10.15,0.36,3.55,252129.46,261040.617,2023-08-01
002109.SZ,2012-06-13,7.82,8.28,7.77,8.08,7.8,0.28,3.59,50579.57,40456.4072,2023-08-01
002048.SZ,2012-06-13,7.44,7.45,7.33,7.44,7.38,0.06,0.81,22766.29,16853.9433,2023-08-01
601555.SH,2012-06-13,9.28,9.87,9.28,9.68,9.2,0.48,5.22,683712.36,657097.163,2023-08-01
600798.SH,2012-06-13,3.12,3.18,3.12,3.18,3.15,0.03,0.95,19575.15,6187.282,2023-08-01
600310.SH,2012-06-13,12.94,14.2,12.94,13.69,12.91,0.78,6.04,51931.28,70727.875,2023-08-01
002274.SZ,2012-06-13,8.31,8.44,8.26,8.42,8.31,0.11,1.32,9407.18,7846.9051,2023-08-01
002009.SZ,2012-06-13,8.29,8.35,8.15,8.33,8.14,0.19,2.33,35344.78,29256.8044,2023-08-01
002225.SZ,2012-06-13,8.29,8.44,8.28,8.44,8.27,0.17,2.06,28830.78,24163.7059,2023-08-01
300289.SZ,2012-06-13,16.76,16.9,16.58,16.88,16.72,0.16,0.96,19701.82,33071.7951,2023-08-01
600225.SH,2012-06-13,4.95,4.98,4.84,4.9,4.91,-0.01,-0.2,27045.08,13244.02,2023-08-01
002445.SZ,2012-06-13,11.22,11.44,11.18,11.4,11.2,0.2,1.79,18374.49,20815.0512,2023-08-01
300088.SZ,2012-06-13,14.08,14.55,14.0,14.2,14.12,0.08,0.57,121177.9,172155.1085,2023-08-01
600330.SH,2012-06-13,7.91,8.05,7.91,8.01,7.89,0.12,1.52,35185.58,28122.36,2023-08-01
300294.SZ,2012-06-13,30.03,30.9,30.03,30.8,30.21,0.59,1.95,17394.16,53035.973,2023-08-01
600697.SH,2012-06-13,22.26,23.2,22.11,23.01,22.04,0.97,4.4,11037.97,24957.363,2023-08-01
600887.SH,2012-06-13,22.83,24.21,22.71,24.03,22.79,1.24,5.44,248039.66,584374.503,2023-08-01
000553.SZ,2012-06-13,5.86,6.13,5.79,6.1,5.85,0.25,4.27,53042.35,31868.1111,2023-08-01
000796.SZ,2012-06-13,6.5,6.68,6.46,6.66,6.53,0.13,1.99,28278.67,18688.265,2023-08-01
600888.SH,2012-06-13,11.32,11.48,11.22,11.42,11.31,0.11,0.97,23813.45,27029.759,2023-08-01
600806.SH,2012-06-13,6.25,6.39,6.25,6.37,6.29,0.08,1.27,13155.69,8334.96,2023-08-01
002197.SZ,2012-06-13,9.6,9.89,9.59,9.83,9.6,0.23,2.4,17482.79,17113.3216,2023-08-01
600229.SH,2012-06-13,6.69,6.78,6.63,6.78,6.64,0.14,2.11,69260.83,46499.381,2023-08-01
300249.SZ,2012-06-13,14.1,15.42,14.04,15.42,14.02,1.4,9.99,24176.96,35998.4835,2023-08-01
002059.SZ,2012-06-13,9.8,10.11,9.8,10.1,9.66,0.44,4.55,19726.92,19729.0574,2023-08-01
002154.SZ,2012-06-13,12.7,13.75,12.59,13.7,12.72,0.98,7.7,98717.3,130700.9398,2023-08-01
002240.SZ,2012-06-13,5.09,5.19,5.01,5.16,5.11,0.05,0.98,73672.35,37656.6795,2023-08-01
600526.SH,2012-06-13,13.27,13.56,13.2,13.35,13.24,0.11,0.83,57661.54,77044.893,2023-08-01
601798.SH,2012-06-13,13.75,13.94,13.68,13.86,13.68,0.18,1.32,11537.38,15961.37,2023-08-01
000566.SZ,2012-06-13,17.68,18.23,17.6,18.12,17.64,0.48,2.72,16841.86,30268.8015,2023-08-01
600513.SH,2012-06-13,13.12,13.39,13.1,13.35,13.17,0.18,1.37,15219.28,20166.369,2023-08-01
600816.SH,2012-06-13,15.85,17.29,15.76,17.29,15.72,1.57,9.99,96312.09,161891.22,2023-08-01
600767.SH,2012-06-13,4.62,4.71,4.61,4.67,4.61,0.06,1.3,32291.18,15038.759,2023-08-01
600439.SH,2012-06-13,5.62,5.71,5.58,5.68,5.59,0.09,1.61,69557.4,39356.45,2023-08-01
600285.SH,2012-06-13,9.15,9.68,9.15,9.67,9.16,0.51,5.57,52651.2,50030.953,2023-08-01
002328.SZ,2012-06-13,7.35,7.37,7.17,7.3,7.37,-0.07,-0.95,29058.5,21100.1255,2023-08-01
600679.SH,2012-06-13,9.15,9.58,9.15,9.38,9.28,0.1,1.08,68728.49,64718.623,2023-08-01
000096.SZ,2012-06-13,4.25,4.35,4.22,4.33,4.22,0.11,2.61,11494.13,4934.2343,2023-08-01
600256.SH,2012-06-13,15.17,15.67,15.09,15.53,15.17,0.36,2.37,243762.94,375873.528,2023-08-01
000885.SZ,2012-06-13,11.31,11.56,11.08,11.42,11.36,0.06,0.53,115103.09,130669.2298,2023-08-01
600063.SH,2012-06-13,2.78,2.81,2.69,2.78,2.81,-0.03,-1.07,243231.06,66954.81,2023-08-01
002608.SZ,2012-06-13,19.38,19.6,19.24,19.53,19.24,0.29,1.51,9210.31,17909.2255,2023-08-01
300184.SZ,2012-06-13,8.62,9.08,8.53,8.99,8.59,0.4,4.66,12204.71,10722.785,2023-08-01
000628.SZ,2012-06-13,6.92,7.19,6.92,7.19,6.91,0.28,4.05,32740.97,23165.1425,2023-08-01
600981.SH,2012-06-13,4.35,4.47,4.31,4.45,4.34,0.11,2.53,24139.8,10597.634,2023-08-01
000404.SZ,2012-06-13,4.58,4.67,4.58,4.65,4.58,0.07,1.53,16853.31,7819.432,2023-08-01
300224.SZ,2012-06-13,24.22,24.85,23.83,24.6,24.1,0.5,2.07,50811.01,124111.6452,2023-08-01
600179.SH,2012-06-13,4.8,5.04,4.74,4.99,4.8,0.19,3.96,112666.34,56057.639,2023-08-01
300266.SZ,2012-06-13,19.2,20.87,19.01,19.99,19.07,0.92,4.82,116319.9,228205.6327,2023-08-01
000598.SZ,2012-06-13,8.08,8.2,8.04,8.16,8.04,0.12,1.49,101182.46,82334.3935,2023-08-01
000798.SZ,2012-06-13,7.15,7.33,7.08,7.27,7.18,0.09,1.25,40951.39,29559.6175,2023-08-01
002163.SZ,2012-06-13,4.46,4.57,4.45,4.54,4.45,0.09,2.02,24909.52,11255.08,2023-08-01
000676.SZ,2012-06-13,3.48,3.56,3.45,3.52,3.51,0.01,0.28,20610.32,7217.5388,2023-08-01
300319.SZ,2012-06-13,15.78,16.08,15.74,16.03,15.72,0.31,1.97,14281.59,22806.3733,2023-08-01
000972.SZ,2012-06-13,3.6,3.7,3.56,3.64,3.59,0.05,1.39,80254.14,29197.3139,2023-08-01
600549.SH,2012-06-13,49.28,49.85,48.9,49.69,49.39,0.3,0.61,91949.07,453986.022,2023-08-01
000839.SZ,2012-06-13,6.94,7.03,6.91,7.01,6.91,0.1,1.45,36136.3,25241.1432,2023-08-01
600103.SH,2012-06-13,3.7,3.83,3.67,3.71,3.73,-0.02,-0.54,188925.17,70168.2,2023-08-01
000995.SZ,2012-06-13,12.16,12.8,12.16,12.8,12.19,0.61,5.0,28882.18,36638.3617,2023-08-01
002642.SZ,2012-06-13,15.06,15.38,15.01,15.3,15.0,0.3,2.0,30081.22,45923.5863,2023-08-01
000587.SZ,2012-06-13,13.7,13.93,13.6,13.82,13.68,0.14,1.02,66338.33,91474.428,2023-08-01
600726.SH,2012-06-13,2.6,2.78,2.58,2.69,2.59,0.1,3.86,142066.93,38226.79,2023-08-01
300078.SZ,2012-06-13,14.12,14.36,14.06,14.29,14.01,0.28,2.0,8206.63,11673.277,2023-08-01
600712.SH,2012-06-13,4.4,4.47,4.37,4.45,4.39,0.06,1.37,24944.62,11041.997,2023-08-01
600463.SH,2012-06-13,6.03,6.12,6.02,6.08,5.99,0.09,1.5,7301.61,4425.089,2023-08-01
300301.SZ,2012-06-13,21.5,22.17,21.35,22.14,21.38,0.76,3.55,6140.3,13411.457,2023-08-01
000703.SZ,2012-06-13,17.4,17.98,17.32,17.96,17.32,0.64,3.7,29869.14,52784.5845,2023-08-01
000526.SZ,2012-06-13,8.33,8.5,8.3,8.45,8.36,0.09,1.08,3823.86,3219.8064,2023-08-01
600581.SH,2012-06-13,7.54,7.59,7.5,7.58,7.53,0.05,0.66,57585.24,43462.362,2023-08-01
002123.SZ,2012-06-13,11.69,11.88,11.56,11.78,11.69,0.09,0.77,110840.64,129977.156,2023-08-01
002518.SZ,2012-06-13,12.38,12.78,12.15,12.42,12.25,0.17,1.39,38384.99,47818.1729,2023-08-01
600884.SH,2012-06-13,13.1,13.25,13.03,13.23,13.01,0.22,1.69,15669.31,20601.982,2023-08-01
000619.SZ,2012-06-13,7.1,7.23,7.08,7.2,7.07,0.13,1.84,26583.59,19037.7367,2023-08-01
002572.SZ,2012-06-13,20.46,22.22,20.3,21.87,20.6,1.27,6.17,18780.38,40486.8588,2023-08-01
600222.SH,2012-06-13,4.75,4.8,4.73,4.8,4.73,0.07,1.48,18093.87,8640.948,2023-08-01
002204.SZ,2012-06-13,24.67,25.04,24.58,25.03,24.65,0.38,1.54,4555.62,11327.2857,2023-08-01
002449.SZ,2012-06-13,9.04,9.37,9.04,9.2,9.02,0.18,2.0,76336.34,70417.1285,2023-08-01
600005.SH,2012-06-13,2.8,2.82,2.78,2.81,2.8,0.01,0.36,97443.33,27316.639,2023-08-01
002567.SZ,2012-06-13,11.81,12.45,11.81,12.3,11.77,0.53,4.5,45691.01,56109.3775,2023-08-01
002647.SZ,2012-06-13,10.47,11.3,10.46,11.23,10.46,0.77,7.36,35447.22,38535.1344,2023-08-01
600742.SH,2012-06-13,21.2,22.3,21.03,22.25,21.08,1.17,5.55,39577.95,86209.215,2023-08-01
002142.SZ,2012-06-13,9.35,9.53,9.24,9.43,9.32,0.11,1.18,165559.13,155531.9991,2023-08-01
002661.SZ,2012-06-13,29.85,30.29,29.8,30.0,29.8,0.2,0.67,19839.26,59499.8348,2023-08-01
603128.SH,2012-06-13,7.22,7.42,7.15,7.4,7.17,0.23,3.21,141232.36,103004.327,2023-08-01
002301.SZ,2012-06-13,12.85,13.07,12.77,13.05,12.79,0.26,2.03,19577.16,25351.0856,2023-08-01
300167.SZ,2012-06-13,16.86,17.39,16.73,17.06,16.58,0.48,2.9,19877.11,33975.23,2023-08-01
002638.SZ,2012-06-13,16.05,16.9,16.05,16.88,16.13,0.75,4.65,59824.3,99368.2331,2023-08-01
600555.SH,2012-06-13,3.95,4.0,3.91,3.99,3.95,0.04,1.01,37435.29,14860.043,2023-08-01
600692.SH,2012-06-13,6.13,6.25,6.1,6.23,6.11,0.12,1.96,36283.42,22472.625,2023-08-01
000659.SZ,2012-06-13,3.39,3.46,3.38,3.45,3.4,0.05,1.47,84075.08,28806.8168,2023-08-01
002387.SZ,2012-06-13,13.51,13.64,13.31,13.57,13.49,0.08,0.59,31788.14,42721.9031,2023-08-01
002369.SZ,2012-06-13,13.57,13.6,13.31,13.43,13.48,-0.05,-0.37,10548.49,14190.4604,2023-08-01
600293.SH,2012-06-13,8.08,8.15,8.02,8.15,8.07,0.08,0.99,48345.82,39173.139,2023-08-01
600031.SH,2012-06-13,14.75,15.06,14.7,14.92,14.71,0.21,1.43,252928.82,377101.7,2023-08-01
600571.SH,2012-06-13,7.7,7.82,7.7,7.81,7.67,0.14,1.83,11353.05,8832.26,2023-08-01
600847.SH,2012-06-13,12.25,12.34,12.1,12.28,12.19,0.09,0.74,2601.5,3186.017,2023-08-01
000766.SZ,2012-06-13,4.93,5.02,4.88,4.97,4.95,0.02,0.4,139252.9,68936.1519,2023-08-01
600309.SH,2012-06-13,14.65,15.1,14.62,14.98,14.66,0.32,2.18,142449.76,213029.911,2023-08-01
601328.SH,2012-06-13,4.46,4.49,4.44,4.47,4.45,0.02,0.45,384121.99,171576.462,2023-08-01
002401.SZ,2012-06-13,15.99,16.1,15.78,16.1,15.86,0.24,1.51,3251.14,5207.5261,2023-08-01
600300.SH,2012-06-13,8.88,9.65,8.75,9.44,8.83,0.61,6.91,894887.34,833037.17,2023-08-01
002443.SZ,2012-06-13,6.4,6.55,6.33,6.54,6.31,0.23,3.65,21825.5,14103.9836,2023-08-01
600087.SH,2012-06-13,1.67,1.74,1.66,1.72,1.66,0.06,3.61,356184.95,60951.984,2023-08-01
000532.SZ,2012-06-13,8.49,8.61,8.43,8.6,8.45,0.15,1.78,14767.92,12616.278,2023-08-01
600836.SH,2012-06-13,7.35,7.42,7.3,7.41,7.32,0.09,1.23,10659.9,7863.441,2023-08-01
002271.SZ,2012-06-13,14.0,14.46,13.8,14.3,14.0,0.3,2.14,57768.63,81910.9392,2023-08-01
300237.SZ,2012-06-13,18.29,18.89,18.28,18.89,18.27,0.62,3.39,5942.93,11052.8575,2023-08-01
000661.SZ,2012-06-13,45.06,47.4,44.6,47.11,44.56,2.55,5.72,22797.1,105543.9869,2023-08-01
002587.SZ,2012-06-13,13.97,14.13,13.9,14.13,13.94,0.19,1.36,3484.58,4898.6157,2023-08-01
000088.SZ,2012-06-13,4.17,4.22,4.15,4.2,4.17,0.03,0.72,32838.88,13762.0052,2023-08-01
600763.SH,2012-06-13,22.05,22.11,21.6,22.08,21.96,0.12,0.55,13895.36,30479.722,2023-08-01
002178.SZ,2012-06-13,9.11,9.44,9.04,9.39,9.08,0.31,3.41,30914.37,28898.0205,2023-08-01
002004.SZ,2012-06-13,22.71,22.89,22.42,22.78,22.71,0.07,0.31,17407.87,39498.1335,2023-08-01
002332.SZ,2012-06-13,11.95,12.27,11.86,12.13,12.0,0.13,1.08,29575.45,35882.0347,2023-08-01
002143.SZ,2012-06-13,8.6,8.97,8.59,8.97,8.63,0.34,3.94,9878.17,8644.7882,2023-08-01
002164.SZ,2012-06-13,5.48,5.58,5.47,5.54,5.53,0.01,0.18,34522.64,19095.8322,2023-08-01
300025.SZ,2012-06-13,7.77,8.06,7.68,7.99,7.73,0.26,3.36,37081.65,29394.5562,2023-08-01
300190.SZ,2012-06-13,23.44,24.07,23.05,23.58,23.21,0.37,1.59,17633.56,41690.4964,2023-08-01
000639.SZ,2012-06-13,21.7,22.44,21.7,22.32,21.7,0.62,2.86,13379.43,29599.8987,2023-08-01
600476.SH,2012-06-13,7.96,8.17,7.96,8.11,7.96,0.15,1.88,8603.45,6954.245,2023-08-01
600616.SH,2012-06-13,13.06,13.77,13.06,13.59,13.12,0.47,3.58,113084.59,153503.123,2023-08-01
600891.SH,2012-06-13,9.28,9.34,9.13,9.24,9.28,-0.04,-0.43,76224.93,70270.532,2023-08-01
600010.SH,2012-06-13,6.2,6.2,6.07,6.19,6.1,0.09,1.48,379625.39,233005.389,2023-08-01
300321.SZ,2012-06-13,23.12,23.5,22.9,23.4,23.04,0.36,1.56,9018.49,20967.4333,2023-08-01
002631.SZ,2012-06-13,13.82,14.16,13.7,14.13,13.82,0.31,2.24,13515.96,18905.0958,2023-08-01
002451.SZ,2012-06-13,11.61,11.7,11.6,11.68,11.59,0.09,0.78,5008.05,5835.5673,2023-08-01
600033.SH,2012-06-13,2.42,2.43,2.41,2.43,2.41,0.02,0.83,33598.42,8128.21,2023-08-01
000922.SZ,2012-06-13,8.58,8.79,8.54,8.62,8.44,0.18,2.13,11358.47,9795.9286,2023-08-01
600563.SH,2012-06-13,15.72,16.08,15.67,15.98,15.71,0.27,1.72,16285.9,25927.959,2023-08-01
000890.SZ,2012-06-13,4.31,4.38,4.29,4.37,4.3,0.07,1.63,15697.72,6836.2629,2023-08-01
600496.SH,2012-06-13,8.12,8.79,8.12,8.55,8.12,0.43,5.3,135323.43,114512.625,2023-08-01
600889.SH,2012-06-13,5.42,5.53,5.36,5.49,5.39,0.1,1.86,16263.8,8894.768,2023-08-01
600650.SH,2012-06-13,7.79,7.92,7.78,7.9,7.79,0.11,1.41,5202.62,4091.999,2023-08-01
300057.SZ,2012-06-13,7.22,7.34,7.2,7.3,7.22,0.08,1.11,4008.01,2917.3299,2023-08-01
000049.SZ,2012-06-13,35.6,35.66,32.2,33.0,35.78,-2.78,-7.77,138603.26,463823.8508,2023-08-01
002052.SZ,2012-06-13,9.49,9.57,9.38,9.51,9.38,0.13,1.39,23416.78,22235.0317,2023-08-01
600503.SH,2012-06-13,5.4,5.47,5.36,5.46,5.39,0.07,1.3,141695.75,76931.179,2023-08-01
600596.SH,2012-06-13,6.51,6.72,6.51,6.64,6.62,0.02,0.3,70803.92,46842.93,2023-08-01
600015.SH,2012-06-13,9.26,9.39,9.19,9.32,9.24,0.08,0.87,427902.1,397678.735,2023-08-01
002219.SZ,2012-06-13,13.58,13.97,13.58,13.93,13.67,0.26,1.9,13089.98,18076.3881,2023-08-01
600761.SH,2012-06-13,11.65,11.9,11.65,11.83,11.6,0.23,1.98,22516.48,26550.489,2023-08-01
600606.SH,2012-06-13,7.76,7.99,7.73,7.9,7.69,0.21,2.73,303614.52,238739.048,2023-08-01
600664.SH,2012-06-13,6.54,6.68,6.5,6.66,6.53,0.13,1.99,71129.27,46938.947,2023-08-01
600113.SH,2012-06-13,12.41,13.04,12.35,12.86,12.35,0.51,4.13,231165.48,295517.967,2023-08-01
600547.SH,2012-06-13,36.5,36.97,36.15,36.55,36.14,0.41,1.13,111668.26,407671.815,2023-08-01
600739.SH,2012-06-13,16.13,16.84,15.9,16.79,16.08,0.71,4.42,323023.64,532142.604,2023-08-01
002166.SZ,2012-06-13,15.23,15.64,15.23,15.53,15.4,0.13,0.84,27316.51,42234.1186,2023-08-01
600636.SH,2012-06-13,21.72,22.07,21.56,22.06,21.71,0.35,1.61,42719.55,93451.425,2023-08-01
002156.SZ,2012-06-13,5.41,5.51,5.35,5.48,5.41,0.07,1.29,28591.06,15571.976,2023-08-01
600853.SH,2012-06-13,3.32,3.38,3.3,3.37,3.31,0.06,1.81,18045.97,6044.931,2023-08-01
600649.SH,2012-06-13,7.7,7.85,7.7,7.83,7.7,0.13,1.69,97010.93,75620.018,2023-08-01
000530.SZ,2012-06-13,7.09,7.2,7.05,7.19,7.04,0.15,2.13,20924.29,14929.4528,2023-08-01
000758.SZ,2012-06-13,22.23,22.43,22.08,22.38,22.17,0.21,0.95,51444.08,114700.6824,2023-08-01
002292.SZ,2012-06-13,20.6,20.99,20.45,20.88,20.53,0.35,1.7,42150.52,87519.4969,2023-08-01
000519.SZ,2012-06-13,10.36,10.54,10.32,10.52,10.36,0.16,1.54,15105.52,15779.1289,2023-08-01
600754.SH,2012-06-13,15.8,16.75,15.61,16.6,15.73,0.87,5.53,28416.59,46402.471,2023-08-01
601996.SH,2012-06-13,5.85,6.02,5.85,6.0,5.9,0.1,1.69,82685.98,49098.915,2023-08-01
002198.SZ,2012-06-13,9.14,9.63,9.07,9.42,9.14,0.28,3.06,27350.3,25668.5964,2023-08-01
002546.SZ,2012-06-13,16.75,17.26,16.71,17.25,16.7,0.55,3.29,11605.01,19806.8905,2023-08-01
000792.SZ,2012-06-13,30.38,31.24,30.11,31.04,30.0,1.04,3.47,65856.91,202443.3523,2023-08-01
000836.SZ,2012-06-13,4.48,4.51,4.45,4.5,4.46,0.04,0.9,27310.69,12260.9281,2023-08-01
600792.SH,2012-06-13,12.5,12.53,12.15,12.52,12.36,0.16,1.29,15335.29,18952.128,2023-08-01
002357.SZ,2012-06-13,8.78,8.91,8.73,8.88,8.73,0.15,1.72,7081.45,6249.3143,2023-08-01
002160.SZ,2012-06-13,8.65,8.77,8.62,8.76,8.62,0.14,1.62,19632.07,17093.2631,2023-08-01
000823.SZ,2012-06-13,13.92,14.32,13.81,14.23,13.87,0.36,2.6,199126.08,281190.5824,2023-08-01
300245.SZ,2012-06-13,22.9,23.32,22.9,23.0,22.95,0.05,0.22,5791.23,13353.1894,2023-08-01
002268.SZ,2012-06-13,12.26,12.59,12.22,12.5,12.22,0.28,2.29,20728.12,25719.9323,2023-08-01
601360.SH,2012-06-13,10.73,11.05,10.72,10.9,10.68,0.22,2.06,7341.0,8020.072,2023-08-01
002597.SZ,2012-06-13,13.97,14.21,13.86,14.19,13.91,0.28,2.01,12009.46,16876.5339,2023-08-01
000925.SZ,2012-06-13,9.91,10.05,9.79,10.0,9.9,0.1,1.01,15262.86,15175.1515,2023-08-01
002682.SZ,2012-06-13,9.68,10.15,9.65,10.02,9.76,0.26,2.66,95563.46,94325.7679,2023-08-01
600052.SH,2012-06-13,4.65,4.74,4.57,4.71,4.65,0.06,1.29,100010.17,46704.904,2023-08-01
000668.SZ,2012-06-13,8.65,8.79,8.65,8.72,8.7,0.02,0.23,4050.53,3529.0774,2023-08-01
000876.SZ,2012-06-13,15.35,15.57,15.3,15.55,15.35,0.2,1.3,28812.42,44582.3909,2023-08-01
300240.SZ,2012-06-13,10.65,10.65,10.24,10.34,10.19,0.15,1.47,14506.11,15228.4929,2023-08-01
601231.SH,2012-06-13,11.96,12.38,11.88,12.37,11.93,0.44,3.69,78070.16,95144.528,2023-08-01
600246.SH,2012-06-13,4.05,4.17,4.05,4.15,4.06,0.09,2.22,107989.22,44547.399,2023-08-01
300132.SZ,2012-06-13,13.83,14.73,13.83,14.41,13.8,0.61,4.42,4103.24,5881.3898,2023-08-01
601113.SH,2012-06-13,5.22,5.24,5.15,5.23,5.17,0.06,1.16,27197.21,14124.499,2023-08-01
002115.SZ,2012-06-13,7.81,7.9,7.74,7.89,7.75,0.14,1.81,11221.46,8789.5539,2023-08-01
300234.SZ,2012-06-13,10.96,11.18,10.86,11.09,10.95,0.14,1.28,11789.32,13042.2679,2023-08-01
000983.SZ,2012-06-13,16.45,16.5,15.9,16.37,16.34,0.03,0.18,241549.35,390744.7373,2023-08-01
002612.SZ,2012-06-13,40.25,41.28,39.8,40.6,40.3,0.3,0.74,10833.47,43965.4279,2023-08-01
002043.SZ,2012-06-13,3.93,3.96,3.89,3.95,3.92,0.03,0.77,17450.88,6860.7858,2023-08-01
000020.SZ,2012-06-13,7.22,7.34,7.16,7.33,7.19,0.14,1.95,21900.83,15900.9188,2023-08-01
601599.SH,2012-06-13,6.52,6.65,6.52,6.64,6.51,0.13,2.0,14461.03,9526.135,2023-08-01
002421.SZ,2012-06-13,19.59,19.75,19.41,19.5,19.46,0.04,0.21,9244.9,18100.0833,2023-08-01
002073.SZ,2012-06-13,10.73,10.99,10.61,10.92,10.73,0.19,1.77,138045.33,149506.1912,2023-08-01
601558.SH,2012-06-13,15.12,15.27,15.09,15.26,15.07,0.19,1.26,8923.87,13553.421,2023-08-01
601388.SH,2012-06-13,15.33,15.93,15.25,15.63,15.25,0.38,2.49,109474.9,171307.844,2023-08-01
002133.SZ,2012-06-13,5.3,5.38,5.26,5.34,5.29,0.05,0.95,101646.74,54100.5689,2023-08-01
300232.SZ,2012-06-13,11.45,11.55,11.26,11.48,11.44,0.04,0.35,5202.8,5950.5866,2023-08-01
000055.SZ,2012-06-13,4.44,4.49,4.42,4.48,4.41,0.07,1.59,14734.8,6574.1349,2023-08-01
002455.SZ,2012-06-13,10.59,10.74,10.49,10.69,10.49,0.2,1.91,8751.95,9292.4225,2023-08-01
000908.SZ,2012-06-13,8.82,8.89,8.7,8.87,8.88,-0.01,-0.11,8103.23,7143.675,2023-08-01
600812.SH,2012-06-13,6.98,7.03,6.78,6.99,7.0,-0.01,-0.14,82431.24,56946.78,2023-08-01
600833.SH,2012-06-13,7.81,8.04,7.79,7.98,7.84,0.14,1.79,54586.19,43343.155,2023-08-01
600973.SH,2012-06-13,7.3,7.48,7.3,7.45,7.3,0.15,2.05,12326.24,9129.83,2023-08-01
002609.SZ,2012-06-13,11.37,11.77,11.37,11.77,10.7,1.07,10.0,24343.04,28565.5774,2023-08-01
600986.SH,2012-06-13,5.9,6.16,5.9,6.11,5.88,0.23,3.91,77914.53,47248.101,2023-08-01
300259.SZ,2012-06-13,10.88,11.13,10.88,11.1,10.81,0.29,2.68,12811.06,14144.8829,2023-08-01
300252.SZ,2012-06-13,13.06,13.5,13.06,13.46,13.1,0.36,2.75,7859.5,10489.5477,2023-08-01
600376.SH,2012-06-13,14.01,14.31,13.96,14.1,14.07,0.03,0.21,127435.93,180010.736,2023-08-01
601139.SH,2012-06-13,12.17,12.51,12.08,12.49,12.11,0.38,3.14,26668.28,32878.055,2023-08-01
000422.SZ,2012-06-13,13.05,13.18,12.93,13.17,12.92,0.25,1.94,94279.3,123390.6731,2023-08-01
300208.SZ,2012-06-13,11.58,11.71,11.33,11.49,11.58,-0.09,-0.78,10487.89,12112.3336,2023-08-01
000751.SZ,2012-06-13,3.47,3.57,3.47,3.55,3.45,0.1,2.9,105830.58,37341.7444,2023-08-01
600851.SH,2012-06-13,6.04,6.1,5.99,6.1,6.02,0.08,1.33,41822.45,25328.714,2023-08-01
000998.SZ,2012-06-13,16.36,16.4,16.01,16.3,16.28,0.02,0.12,58112.13,94435.6417,2023-08-01
600725.SH,2012-06-13,5.46,5.56,5.35,5.5,5.46,0.04,0.73,33068.64,18040.209,2023-08-01
600240.SH,2012-06-13,10.01,10.09,9.82,10.02,9.99,0.03,0.3,87794.95,87768.914,2023-08-01
600502.SH,2012-06-13,13.8,13.94,13.69,13.93,13.75,0.18,1.31,86458.36,119619.946,2023-08-01
000980.SZ,2012-06-13,4.84,4.92,4.82,4.91,4.85,0.06,1.24,24650.7,12017.8819,2023-08-01
300220.SZ,2012-06-13,23.04,23.72,23.04,23.52,22.98,0.54,2.35,4125.91,9689.5672,2023-08-01
002439.SZ,2012-06-13,15.13,15.4,14.9,15.14,14.96,0.18,1.2,9409.35,14242.6084,2023-08-01
300261.SZ,2012-06-13,14.55,15.1,14.32,15.03,14.5,0.53,3.66,29755.93,44044.1219,2023-08-01
000592.SZ,2012-06-13,5.75,5.84,5.6,5.78,5.73,0.05,0.87,157360.96,90180.2017,2023-08-01
000059.SZ,2012-06-13,8.26,8.37,8.19,8.32,8.22,0.1,1.22,55702.82,46018.2409,2023-08-01
600017.SH,2012-06-13,2.96,3.0,2.95,3.0,2.95,0.05,1.69,40846.56,12160.728,2023-08-01
002367.SZ,2012-06-13,8.21,8.34,8.17,8.3,8.2,0.1,1.22,16716.22,13799.6468,2023-08-01
300178.SZ,2012-06-13,14.03,14.4,14.03,14.35,14.03,0.32,2.28,15066.96,21520.1997,2023-08-01
600071.SH,2012-06-13,7.08,7.14,7.03,7.13,7.05,0.08,1.13,15651.67,11110.243,2023-08-01
601857.SH,2012-06-13,9.17,9.2,9.1,9.19,9.17,0.02,0.22,96092.21,87972.895,2023-08-01
600528.SH,2012-06-13,7.39,7.65,7.29,7.58,7.41,0.17,2.29,653128.99,490115.061,2023-08-01
300071.SZ,2012-06-13,13.55,13.96,13.5,13.72,13.48,0.24,1.78,25301.15,34635.8557,2023-08-01
000702.SZ,2012-06-13,4.48,4.57,4.48,4.57,4.5,0.07,1.56,13710.55,6218.5182,2023-08-01
000848.SZ,2012-06-13,17.57,18.35,17.5,18.07,17.59,0.48,2.73,48656.02,87148.319,2023-08-01
000886.SZ,2012-06-13,3.4,3.47,3.38,3.44,3.4,0.04,1.18,41773.85,14336.0099,2023-08-01
002222.SZ,2012-06-13,6.7,6.83,6.68,6.82,6.67,0.15,2.25,10852.56,7351.9614,2023-08-01
002435.SZ,2012-06-13,9.81,9.95,9.69,9.93,9.84,0.09,0.91,8742.05,8615.9703,2023-08-01
002299.SZ,2012-06-13,14.87,15.19,14.62,15.03,14.87,0.16,1.08,25822.84,38653.4208,2023-08-01
002297.SZ,2012-06-13,13.57,14.14,13.56,14.09,13.56,0.53,3.91,18870.33,26226.33,2023-08-01
600525.SH,2012-06-13,6.95,7.1,6.85,7.07,6.89,0.18,2.61,33231.73,23357.593,2023-08-01
600481.SH,2012-06-13,7.87,7.97,7.83,7.96,7.85,0.11,1.4,29625.72,23475.677,2023-08-01
600499.SH,2012-06-13,9.43,9.55,9.34,9.52,9.39,0.13,1.38,36844.88,34884.147,2023-08-01
601866.SH,2012-06-13,2.72,2.76,2.7,2.75,2.72,0.03,1.1,92715.09,25316.172,2023-08-01
002534.SZ,2012-06-13,18.95,19.58,18.83,19.37,18.82,0.55,2.92,18778.75,36335.5236,2023-08-01
601888.SH,2012-06-13,27.81,28.37,27.81,28.35,27.88,0.47,1.69,51731.82,145926.612,2023-08-01
600865.SH,2012-06-13,5.29,5.38,5.27,5.37,5.28,0.09,1.7,18682.55,9968.932,2023-08-01
600085.SH,2012-06-13,15.59,16.5,15.56,16.41,15.53,0.88,5.67,357149.56,576556.484,2023-08-01
600490.SH,2012-06-13,23.22,23.36,23.03,23.13,23.34,-0.21,-0.9,2065.51,4783.967,2023-08-01
002233.SZ,2012-06-13,10.1,10.32,9.98,10.21,10.06,0.15,1.49,109523.33,111325.9162,2023-08-01
300074.SZ,2012-06-13,21.57,21.82,21.38,21.76,21.43,0.33,1.54,2969.88,6438.4277,2023-08-01
600160.SH,2012-06-13,11.32,11.41,11.24,11.4,11.22,0.18,1.6,58882.87,66751.413,2023-08-01
002039.SZ,2012-06-13,15.31,15.74,15.31,15.48,15.27,0.21,1.38,23406.54,36436.28,2023-08-01
000662.SZ,2012-06-13,5.18,5.38,5.18,5.33,5.21,0.12,2.3,12596.07,6705.2815,2023-08-01
601727.SH,2012-06-13,5.17,5.23,5.06,5.22,5.17,0.05,0.97,94473.56,48644.633,2023-08-01
000728.SZ,2012-06-13,11.75,12.15,11.68,12.04,11.7,0.34,2.91,146730.88,175510.398,2023-08-01
002668.SZ,2012-06-13,12.93,13.09,12.87,13.04,12.87,0.17,1.32,20182.6,26234.4938,2023-08-01
000858.SZ,2012-06-13,31.8,32.41,31.7,32.36,31.74,0.62,1.95,171273.65,550976.1955,2023-08-01
002438.SZ,2012-06-13,16.7,17.37,16.39,17.35,16.74,0.61,3.64,66643.39,112807.9544,2023-08-01
002411.SZ,2012-06-13,11.38,11.92,11.38,11.86,11.44,0.42,3.67,52774.41,61995.68,2023-08-01
000898.SZ,2012-06-13,4.01,4.05,4.0,4.04,4.0,0.04,1.0,44047.48,17734.4326,2023-08-01
000050.SZ,2012-06-13,6.68,6.8,6.61,6.78,6.64,0.14,2.11,26639.54,17912.087,2023-08-01
600338.SH,2012-06-13,6.58,6.75,6.52,6.66,6.58,0.08,1.22,16818.29,11183.599,2023-08-01
601009.SH,2012-06-13,8.48,8.62,8.41,8.59,8.46,0.13,1.54,117991.04,100836.426,2023-08-01
300138.SZ,2012-06-13,11.59,11.7,11.48,11.68,11.51,0.17,1.48,5634.92,6546.4667,2023-08-01
600505.SH,2012-06-13,9.71,9.88,9.57,9.82,9.67,0.15,1.55,20265.91,19856.104,2023-08-01
300282.SZ,2012-06-13,17.33,17.81,17.22,17.47,17.55,-0.08,-0.46,27172.03,47585.4471,2023-08-01
000585.SZ,2012-06-13,2.15,2.19,2.15,2.18,2.14,0.04,1.87,46640.28,10149.1997,2023-08-01
002206.SZ,2012-06-13,7.13,7.26,7.13,7.24,7.12,0.12,1.69,18993.23,13677.1294,2023-08-01
600819.SH,2012-06-13,7.77,7.87,7.73,7.83,7.77,0.06,0.77,13532.02,10556.316,2023-08-01
002185.SZ,2012-06-13,8.55,9.01,8.52,8.96,8.55,0.41,4.8,100346.58,88480.2174,2023-08-01
002562.SZ,2012-06-13,13.49,13.65,13.36,13.6,13.4,0.2,1.49,14271.0,19284.1747,2023-08-01
601216.SH,2012-06-13,7.39,7.5,7.36,7.49,7.38,0.11,1.49,25971.52,19306.447,2023-08-01
000756.SZ,2012-06-13,5.28,5.37,5.28,5.37,5.29,0.08,1.51,6922.45,3695.4769,2023-08-01
600189.SH,2012-06-13,7.15,7.2,7.06,7.18,7.11,0.07,0.98,20526.83,14656.976,2023-08-01
600377.SH,2012-06-13,5.9,5.93,5.86,5.88,5.89,-0.01,-0.17,17784.01,10472.112,2023-08-01
300149.SZ,2012-06-13,8.24,8.48,8.24,8.41,8.23,0.18,2.19,39066.68,32737.688,2023-08-01
000576.SZ,2012-06-13,7.47,7.66,7.43,7.62,7.49,0.13,1.74,32682.19,24646.4499,2023-08-01
000506.SZ,2012-06-13,8.89,9.12,8.89,9.1,8.93,0.17,1.9,18462.03,16721.1283,2023-08-01
002473.SZ,2012-06-13,7.42,7.58,7.42,7.56,7.42,0.14,1.89,4989.17,3746.8804,2023-08-01
002247.SZ,2012-06-13,12.2,12.57,12.2,12.37,12.27,0.1,0.82,2022.5,2508.7415,2023-08-01
000710.SZ,2012-06-13,9.97,10.09,9.96,10.08,9.97,0.11,1.1,4612.93,4632.2924,2023-08-01
000895.SZ,2012-06-13,60.3,62.3,60.2,62.28,60.1,2.18,3.63,35735.25,219974.1041,2023-08-01
002213.SZ,2012-06-13,8.09,8.21,8.08,8.2,8.08,0.12,1.49,7562.53,6164.1814,2023-08-01
000705.SZ,2012-06-13,12.88,13.16,12.81,13.13,12.78,0.35,2.74,11846.11,15395.782,2023-08-01
002195.SZ,2012-06-13,16.15,16.36,16.1,16.35,16.11,0.24,1.49,6836.76,11106.6598,2023-08-01
601933.SH,2012-06-13,27.1,27.8,27.1,27.52,27.21,0.31,1.14,5526.23,15161.794,2023-08-01
002217.SZ,2012-06-13,4.96,5.05,4.93,5.04,4.94,0.1,2.02,12293.31,6148.1011,2023-08-01
600839.SH,2012-06-13,2.22,2.24,2.21,2.23,2.22,0.01,0.45,192139.84,42781.994,2023-08-01
000738.SZ,2012-06-13,10.43,10.45,10.29,10.41,10.39,0.02,0.19,19440.36,20136.6619,2023-08-01
300271.SZ,2012-06-13,13.48,13.78,13.45,13.77,13.45,0.32,2.38,15405.0,21052.2734,2023-08-01
002098.SZ,2012-06-13,7.78,7.92,7.76,7.9,7.79,0.11,1.41,6092.19,4797.673,2023-08-01
300141.SZ,2012-06-13,11.22,11.49,11.17,11.45,11.18,0.27,2.42,6117.76,6944.87,2023-08-01
300238.SZ,2012-06-13,36.62,37.27,36.36,37.2,36.6,0.6,1.64,24007.98,88898.0049,2023-08-01
600665.SH,2012-06-13,3.96,4.01,3.93,3.98,3.95,0.03,0.76,103368.57,41025.212,2023-08-01
300233.SZ,2012-06-13,11.23,11.69,11.22,11.65,11.27,0.38,3.37,11600.21,13361.8725,2023-08-01
000062.SZ,2012-06-13,7.09,7.16,6.92,7.09,7.11,-0.02,-0.28,37743.66,26580.9258,2023-08-01
600658.SH,2012-06-13,8.07,8.18,8.03,8.13,8.06,0.07,0.87,25021.15,20262.36,2023-08-01
600070.SH,2012-06-13,7.86,8.05,7.75,8.02,7.82,0.2,2.56,76575.9,60729.404,2023-08-01
000759.SZ,2012-06-13,7.42,7.59,7.36,7.55,7.4,0.15,2.03,75289.35,56385.8315,2023-08-01
601179.SH,2012-06-13,4.02,4.07,3.98,4.06,4.01,0.05,1.25,75973.02,30591.773,2023-08-01
000561.SZ,2012-06-13,7.06,7.2,7.06,7.17,7.06,0.11,1.56,18833.45,13451.0962,2023-08-01
300021.SZ,2012-06-13,9.77,10.19,9.72,9.82,9.61,0.21,2.19,102220.92,101168.9482,2023-08-01
300077.SZ,2012-06-13,22.93,23.3,22.82,23.18,22.79,0.39,1.71,31201.35,72038.5711,2023-08-01
000158.SZ,2012-06-13,3.97,4.05,3.95,4.02,3.97,0.05,1.26,31090.98,12440.9195,2023-08-01
600508.SH,2012-06-13,20.13,20.28,19.95,20.27,20.1,0.17,0.85,16482.77,33232.231,2023-08-01
002547.SZ,2012-06-13,10.72,10.95,10.59,10.85,10.75,0.1,0.93,51206.42,55100.5045,2023-08-01
300257.SZ,2012-06-13,65.88,66.28,63.29,65.36,64.99,0.37,0.57,8631.31,55777.6409,2023-08-01
300084.SZ,2012-06-13,10.47,10.7,10.44,10.64,10.41,0.23,2.21,32970.76,34913.4588,2023-08-01
002452.SZ,2012-06-13,12.17,12.63,12.03,12.43,12.07,0.36,2.98,8561.86,10531.1079,2023-08-01
002422.SZ,2012-06-13,50.05,51.15,49.87,50.95,49.91,1.04,2.08,19309.11,97612.7404,2023-08-01
002128.SZ,2012-06-13,15.45,15.63,15.11,15.6,15.39,0.21,1.36,30660.74,47142.942,2023-08-01
300201.SZ,2012-06-13,6.68,6.75,6.59,6.75,6.64,0.11,1.66,11024.13,7372.2332,2023-08-01
002066.SZ,2012-06-13,6.44,6.5,6.38,6.48,6.44,0.04,0.62,11093.2,7146.6659,2023-08-01
600170.SH,2012-06-13,7.7,7.76,7.61,7.74,7.68,0.06,0.78,162335.38,125027.401,2023-08-01
000669.SZ,2012-06-13,22.0,22.0,22.0,22.0,20.95,1.05,5.01,819.01,1801.822,2023-08-01
000413.SZ,2012-06-13,13.37,13.5,13.15,13.45,13.25,0.2,1.51,13068.58,17474.5307,2023-08-01
000897.SZ,2012-06-13,3.02,3.1,3.02,3.09,3.02,0.07,2.32,121376.76,37381.6331,2023-08-01
000936.SZ,2012-06-13,4.76,4.87,4.76,4.84,4.76,0.08,1.68,28379.77,13715.4822,2023-08-01
002306.SZ,2012-06-13,10.64,11.06,10.64,11.0,10.56,0.44,4.17,37392.04,40776.3403,2023-08-01
000715.SZ,2012-06-13,6.69,6.79,6.66,6.78,6.66,0.12,1.8,24171.81,16276.1842,2023-08-01
300098.SZ,2012-06-13,9.26,9.36,9.1,9.31,9.17,0.14,1.53,3356.49,3113.729,2023-08-01
601818.SH,2012-06-13,2.79,2.82,2.78,2.81,2.79,0.02,0.72,202268.15,56595.552,2023-08-01
002147.SZ,2012-06-13,7.67,7.75,7.6,7.71,7.6,0.11,1.45,12417.41,9539.6537,2023-08-01
601992.SH,2012-06-13,7.85,8.01,7.78,7.94,7.83,0.11,1.4,97464.71,77092.054,2023-08-01
300068.SZ,2012-06-13,13.64,13.75,13.33,13.66,13.6,0.06,0.44,70318.43,95029.7318,2023-08-01
600184.SH,2012-06-13,19.3,19.54,19.05,19.51,19.23,0.28,1.46,24457.16,47281.466,2023-08-01
600242.SH,2012-06-13,6.81,6.98,6.73,6.94,6.8,0.14,2.06,26978.17,18546.86,2023-08-01
600976.SH,2012-06-13,15.4,16.02,15.18,16.01,15.45,0.56,3.62,26528.53,41457.39,2023-08-01
000563.SZ,2012-06-13,13.56,14.78,13.5,14.78,13.44,1.34,9.97,211724.63,304524.7512,2023-08-01
600506.SH,2012-06-13,11.08,11.11,10.8,10.93,11.05,-0.12,-1.09,17176.36,18750.163,2023-08-01
600782.SH,2012-06-13,4.58,4.62,4.58,4.61,4.57,0.04,0.88,10472.04,4814.353,2023-08-01
300140.SZ,2012-06-13,9.68,9.85,9.63,9.85,9.67,0.18,1.86,5810.61,5684.7342,2023-08-01
600396.SH,2012-06-13,7.43,7.8,7.39,7.68,7.37,0.31,4.21,102927.63,78645.195,2023-08-01
002403.SZ,2012-06-13,9.17,9.38,9.14,9.34,9.13,0.21,2.3,15252.12,14184.5051,2023-08-01
000586.SZ,2012-06-13,5.61,5.68,5.58,5.68,5.6,0.08,1.43,13272.03,7498.0007,2023-08-01
600366.SH,2012-06-13,22.72,23.23,22.46,22.92,22.6,0.32,1.42,126438.01,289058.485,2023-08-01
002490.SZ,2012-06-13,16.5,17.19,16.46,16.88,16.45,0.43,2.61,57008.36,96495.7947,2023-08-01
002102.SZ,2012-06-13,4.06,4.19,4.06,4.12,4.08,0.04,0.98,108485.98,44801.6464,2023-08-01
600096.SH,2012-06-13,15.89,16.1,15.47,16.05,16.02,0.03,0.19,151359.23,239148.549,2023-08-01
300174.SZ,2012-06-13,10.54,10.72,10.41,10.66,10.67,-0.01,-0.09,8112.29,8580.3494,2023-08-01
300182.SZ,2012-06-13,22.04,22.86,21.78,22.79,22.15,0.64,2.89,11378.02,25669.171,2023-08-01
600497.SH,2012-06-13,15.23,15.42,15.16,15.32,15.16,0.16,1.06,28228.15,43175.357,2023-08-01
300135.SZ,2012-06-13,7.67,7.74,7.58,7.71,7.51,0.2,2.66,38303.83,29381.9065,2023-08-01
000066.SZ,2012-06-13,4.37,4.43,4.36,4.42,4.37,0.05,1.14,22191.9,9768.8076,2023-08-01
600704.SH,2012-06-13,10.87,10.97,10.65,10.94,10.77,0.17,1.58,75408.81,81968.747,2023-08-01
600623.SH,2012-06-13,10.54,10.84,10.47,10.83,10.56,0.27,2.56,29379.31,31307.951,2023-08-01
000567.SZ,2012-06-13,5.9,6.14,5.9,6.11,5.9,0.21,3.56,22397.06,13587.9402,2023-08-01
000732.SZ,2012-06-13,7.05,7.11,6.9,7.05,7.03,0.02,0.28,26899.05,18918.7201,2023-08-01
300239.SZ,2012-06-13,15.5,15.86,15.5,15.8,15.68,0.12,0.77,47289.34,74374.8746,2023-08-01
000488.SZ,2012-06-13,4.54,4.6,4.53,4.58,4.54,0.04,0.88,34852.2,15909.4418,2023-08-01
600667.SH,2012-06-13,5.41,5.51,5.39,5.46,5.39,0.07,1.3,22393.81,12219.561,2023-08-01
000523.SZ,2012-06-13,5.8,5.91,5.8,5.85,5.86,-0.01,-0.17,55664.17,32531.8904,2023-08-01
002378.SZ,2012-06-13,31.05,31.25,30.53,31.05,31.03,0.02,0.06,42055.18,129788.1475,2023-08-01
300093.SZ,2012-06-13,7.51,7.59,7.31,7.59,7.5,0.09,1.2,47208.41,35223.676,2023-08-01
300284.SZ,2012-06-13,11.36,11.47,11.26,11.43,11.36,0.07,0.62,6458.67,7368.6814,2023-08-01
600178.SH,2012-06-13,6.82,6.87,6.72,6.86,6.76,0.1,1.48,32049.21,21838.018,2023-08-01
002396.SZ,2012-06-13,16.57,17.03,16.4,16.81,16.4,0.41,2.5,51325.32,86358.6349,2023-08-01
000602.SZ,2012-06-13,23.4,24.6,23.37,24.2,23.79,0.41,1.72,32763.69,79042.5953,2023-08-01
002415.SZ,2012-06-13,25.7,26.65,25.7,26.41,25.65,0.76,2.96,43167.19,113489.2405,2023-08-01
600422.SH,2012-06-13,17.98,18.96,17.85,18.65,18.02,0.63,3.5,36722.28,68169.351,2023-08-01
300316.SZ,2012-06-13,38.88,40.36,38.5,40.24,38.72,1.52,3.93,26279.9,104103.8077,2023-08-01
000809.SZ,2012-06-13,10.42,10.63,10.26,10.45,10.42,0.03,0.29,53016.0,55277.5842,2023-08-01
002568.SZ,2012-06-13,19.11,20.47,19.04,20.21,19.03,1.18,6.2,11196.26,22340.3907,2023-08-01
601007.SH,2012-06-13,7.36,7.52,7.36,7.51,7.35,0.16,2.18,9096.33,6798.94,2023-08-01
600604.SH,2012-06-13,7.0,7.17,7.0,7.12,7.03,0.09,1.28,5093.51,3618.822,2023-08-01
002509.SZ,2012-06-13,10.48,10.92,10.48,10.85,10.47,0.38,3.63,21387.92,23079.9467,2023-08-01
002058.SZ,2012-06-13,7.16,7.27,7.15,7.26,7.15,0.11,1.54,5531.27,3994.0758,2023-08-01
000029.SZ,2012-06-13,4.04,4.08,3.99,4.06,4.05,0.01,0.25,40404.46,16305.4961,2023-08-01
000610.SZ,2012-06-13,8.3,8.41,8.3,8.39,8.27,0.12,1.45,26692.85,22339.8349,2023-08-01
000695.SZ,2012-06-13,7.92,8.22,7.9,8.14,7.92,0.22,2.78,13198.43,10643.1482,2023-08-01
000789.SZ,2012-06-13,13.69,13.92,13.35,13.79,13.63,0.16,1.17,135787.32,185608.2936,2023-08-01
600467.SH,2012-06-13,7.83,8.02,7.79,7.98,7.8,0.18,2.31,99532.46,78605.704,2023-08-01
002272.SZ,2012-06-13,8.34,8.55,8.29,8.49,8.36,0.13,1.56,115315.09,97175.3294,2023-08-01
600007.SH,2012-06-13,10.58,10.78,10.58,10.74,10.67,0.07,0.66,3149.27,3374.256,2023-08-01
600641.SH,2012-06-13,5.12,5.18,5.09,5.17,5.11,0.06,1.17,34710.52,17867.66,2023-08-01
002517.SZ,2012-06-13,11.2,11.34,11.04,11.19,11.13,0.06,0.54,65094.88,72756.013,2023-08-01
000419.SZ,2012-06-13,6.43,6.51,6.37,6.51,6.38,0.13,2.04,21012.83,13578.1317,2023-08-01
300099.SZ,2012-06-13,22.1,22.65,22.1,22.65,22.1,0.55,2.49,7011.01,15724.6398,2023-08-01
600558.SH,2012-06-13,10.65,10.82,10.6,10.81,10.61,0.2,1.89,5124.94,5503.308,2023-08-01
600313.SH,2012-06-13,7.93,8.31,7.9,8.18,7.91,0.27,3.41,37752.28,30961.693,2023-08-01
000595.SZ,2012-06-13,6.41,6.54,6.41,6.52,6.48,0.04,0.62,7084.53,4603.1485,2023-08-01
002604.SZ,2012-06-13,21.0,21.21,20.82,21.13,20.95,0.18,0.86,10164.13,21380.1766,2023-08-01
601028.SH,2012-06-13,9.1,9.26,9.08,9.25,9.1,0.15,1.65,20554.12,18891.101,2023-08-01
002502.SZ,2012-06-13,17.9,18.18,17.9,18.16,17.9,0.26,1.45,4236.13,7655.9329,2023-08-01
600882.SH,2012-06-13,9.86,9.96,9.83,9.93,9.87,0.06,0.61,5182.35,5126.964,2023-08-01
002068.SZ,2012-06-13,7.08,7.28,7.08,7.26,7.05,0.21,2.98,106179.52,76565.5004,2023-08-01
600466.SH,2012-06-13,6.19,6.32,6.18,6.3,6.21,0.09,1.45,59877.97,37528.998,2023-08-01
600789.SH,2012-06-13,5.15,5.26,5.13,5.26,5.16,0.1,1.94,31258.26,16262.839,2023-08-01
000591.SZ,2012-06-13,6.65,6.84,6.61,6.8,6.65,0.15,2.26,14615.65,9864.6422,2023-08-01
000525.SZ,2012-06-13,12.88,13.05,12.78,13.01,12.78,0.23,1.8,14763.45,19119.0174,2023-08-01
600461.SH,2012-06-13,7.7,7.81,7.65,7.8,7.65,0.15,1.96,32641.01,25313.533,2023-08-01
002349.SZ,2012-06-13,10.17,10.49,10.12,10.48,10.12,0.36,3.56,32781.42,34056.0019,2023-08-01
002331.SZ,2012-06-13,11.87,12.2,11.87,12.09,11.83,0.26,2.2,7713.67,9332.5599,2023-08-01
000510.SZ,2012-06-13,5.83,5.89,5.77,5.88,5.8,0.08,1.38,40454.18,23673.8332,2023-08-01
600629.SH,2012-06-13,7.7,7.86,7.62,7.84,7.62,0.22,2.89,8174.32,6342.095,2023-08-01
600258.SH,2012-06-13,12.89,13.09,12.81,13.06,12.85,0.21,1.63,11672.13,15136.052,2023-08-01
002669.SZ,2012-06-13,12.4,12.56,12.35,12.54,12.37,0.17,1.37,7730.12,9634.0456,2023-08-01
601515.SH,2012-06-13,13.97,14.17,13.87,14.13,13.92,0.21,1.51,34898.37,49077.343,2023-08-01
002654.SZ,2012-06-13,15.2,15.43,15.18,15.41,15.2,0.21,1.38,7720.18,11849.5118,2023-08-01
002279.SZ,2012-06-13,10.52,10.71,10.46,10.66,10.52,0.14,1.33,9974.39,10571.03,2023-08-01
600507.SH,2012-06-13,4.2,4.28,4.18,4.24,4.2,0.04,0.95,20490.52,8673.439,2023-08-01
600879.SH,2012-06-13,8.46,8.53,8.4,8.53,8.44,0.09,1.07,82534.64,69935.55,2023-08-01
600378.SH,2012-06-13,9.2,9.41,9.15,9.38,9.14,0.24,2.63,20100.37,18671.555,2023-08-01
600114.SH,2012-06-13,10.88,11.19,10.84,11.12,10.81,0.31,2.87,45878.94,50653.855,2023-08-01
000739.SZ,2012-06-13,8.44,8.46,8.3,8.4,8.43,-0.03,-0.36,50765.12,42543.7048,2023-08-01
600630.SH,2012-06-13,5.25,5.38,5.23,5.37,5.24,0.13,2.48,22751.16,12099.929,2023-08-01
002196.SZ,2012-06-13,12.5,12.78,12.5,12.73,12.68,0.05,0.39,8743.45,11089.6006,2023-08-01
600749.SH,2012-06-13,10.45,10.56,10.35,10.55,10.4,0.15,1.44,21656.49,22717.187,2023-08-01
000960.SZ,2012-06-13,20.7,21.06,20.61,21.0,20.65,0.35,1.69,37306.81,77889.9853,2023-08-01
002530.SZ,2012-06-13,6.59,6.76,6.55,6.72,6.59,0.13,1.97,13446.04,8986.0663,2023-08-01
601111.SH,2012-06-13,6.09,6.19,6.01,6.15,6.07,0.08,1.32,118986.43,73022.846,2023-08-01
600438.SH,2012-06-13,4.97,5.18,4.97,5.13,4.97,0.16,3.22,21154.64,10787.544,2023-08-01
600370.SH,2012-06-13,4.5,4.58,4.49,4.55,4.5,0.05,1.11,10779.66,4887.031,2023-08-01
600703.SH,2012-06-13,13.99,14.3,13.82,14.01,13.92,0.09,0.65,168951.33,237752.456,2023-08-01
600561.SH,2012-06-13,9.23,9.38,9.19,9.34,9.24,0.1,1.08,6866.67,6383.134,2023-08-01
300040.SZ,2012-06-13,8.19,8.3,8.14,8.29,8.13,0.16,1.97,6661.58,5484.7128,2023-08-01
600221.SH,2012-06-13,4.93,5.07,4.9,5.03,4.9,0.13,2.65,180617.87,90121.463,2023-08-01
002590.SZ,2012-06-13,9.48,9.63,9.43,9.62,9.43,0.19,2.01,5873.91,5611.6751,2023-08-01
000791.SZ,2012-06-13,6.76,6.83,6.7,6.81,6.75,0.06,0.89,10530.09,7138.0661,2023-08-01
002071.SZ,2012-06-13,7.06,7.11,6.96,7.09,7.03,0.06,0.85,9903.49,6980.0157,2023-08-01
002503.SZ,2012-06-13,20.72,22.1,20.7,22.0,21.0,1.0,4.76,22123.48,47901.8375,2023-08-01
600295.SH,2012-06-13,10.44,10.63,10.4,10.62,10.39,0.23,2.21,16151.9,16997.216,2023-08-01
000516.SZ,2012-06-13,4.82,4.9,4.77,4.89,4.8,0.09,1.88,56609.45,27401.2773,2023-08-01
002374.SZ,2012-06-13,13.85,14.15,13.71,14.09,13.93,0.16,1.15,14469.33,20231.6233,2023-08-01
600793.SH,2012-06-13,9.02,9.12,9.02,9.11,9.05,0.06,0.66,2644.62,2402.364,2023-08-01
300207.SZ,2012-06-13,12.99,13.17,12.68,12.95,12.93,0.02,0.15,22804.92,29276.4853,2023-08-01
601898.SH,2012-06-13,8.37,8.42,8.19,8.37,8.38,-0.01,-0.12,212692.9,176131.684,2023-08-01
002414.SZ,2012-06-13,17.23,17.54,17.18,17.48,17.17,0.31,1.81,5570.21,9696.9437,2023-08-01
002254.SZ,2012-06-13,10.43,10.9,10.4,10.9,10.45,0.45,4.31,17552.44,18665.5215,2023-08-01
000650.SZ,2012-06-13,8.18,8.43,8.18,8.39,8.14,0.25,3.07,125684.99,104852.8575,2023-08-01
002450.SZ,2012-06-13,15.33,15.33,14.95,15.24,15.13,0.11,0.73,60528.54,91658.7342,2023-08-01
600480.SH,2012-06-13,9.04,9.2,9.0,9.16,9.0,0.16,1.78,31821.69,29049.095,2023-08-01
000807.SZ,2012-06-13,6.66,6.7,6.58,6.69,6.6,0.09,1.36,77918.2,51857.6297,2023-08-01
300320.SZ,2012-06-13,17.95,18.23,17.85,18.15,17.94,0.21,1.17,10366.96,18760.3438,2023-08-01
300143.SZ,2012-06-13,11.56,11.72,11.41,11.71,11.46,0.25,2.18,12181.34,14159.6747,2023-08-01
002298.SZ,2012-06-13,9.35,9.46,9.12,9.36,9.25,0.11,1.19,71643.18,66755.7609,2023-08-01
601991.SH,2012-06-13,5.36,5.8,5.33,5.78,5.36,0.42,7.84,203328.76,113216.138,2023-08-01
600061.SH,2012-06-13,5.47,5.58,5.45,5.57,5.48,0.09,1.64,14422.73,7972.041,2023-08-01
600539.SH,2012-06-13,5.18,5.3,5.14,5.28,5.16,0.12,2.33,17115.01,8979.504,2023-08-01
600804.SH,2012-06-13,6.5,6.84,6.45,6.74,6.5,0.24,3.69,190524.95,126931.995,2023-08-01
000882.SZ,2012-06-13,3.91,3.97,3.9,3.96,3.91,0.05,1.28,22627.32,8935.9219,2023-08-01
600406.SH,2012-06-13,19.24,19.54,19.09,19.44,19.15,0.29,1.51,72050.24,139641.086,2023-08-01
000045.SZ,2012-06-13,7.96,8.16,7.83,8.12,7.99,0.13,1.63,18882.0,15257.7442,2023-08-01
000825.SZ,2012-06-13,3.65,3.66,3.62,3.66,3.65,0.01,0.27,62555.71,22787.8433,2023-08-01
000150.SZ,2012-06-13,4.51,4.56,4.4,4.52,4.51,0.01,0.22,14028.63,6296.4383,2023-08-01
002295.SZ,2012-06-13,7.55,7.67,7.5,7.64,7.52,0.12,1.6,9735.48,7401.5776,2023-08-01
600894.SH,2012-06-13,6.85,6.94,6.82,6.93,6.85,0.08,1.17,15545.55,10724.973,2023-08-01
600375.SH,2012-06-13,11.1,11.32,11.1,11.29,11.08,0.21,1.9,13328.26,14968.666,2023-08-01
600269.SH,2012-06-13,3.75,3.78,3.73,3.77,3.75,0.02,0.53,66950.09,25153.436,2023-08-01
000862.SZ,2012-06-13,8.88,9.08,8.88,9.05,9.03,0.02,0.22,16414.38,14769.1507,2023-08-01
600657.SH,2012-06-13,5.0,5.04,4.96,5.02,5.01,0.01,0.2,52745.88,26407.398,2023-08-01
600156.SH,2012-06-13,4.77,4.83,4.72,4.81,4.74,0.07,1.48,32690.75,15665.183,2023-08-01
601928.SH,2012-06-13,8.4,8.55,8.38,8.54,8.37,0.17,2.03,119427.37,101317.297,2023-08-01
001696.SZ,2012-06-13,6.49,6.59,6.49,6.58,6.49,0.09,1.39,24104.14,15811.1321,2023-08-01
300092.SZ,2012-06-13,12.56,12.86,12.56,12.8,12.59,0.21,1.67,7332.35,9326.427,2023-08-01
600794.SH,2012-06-13,12.25,12.4,12.24,12.3,12.23,0.07,0.57,2533.0,3117.98,2023-08-01
002238.SZ,2012-06-13,14.69,14.94,14.51,14.77,14.74,0.03,0.2,45111.15,66373.5893,2023-08-01
000511.SZ,2012-06-13,3.78,3.85,3.73,3.83,3.79,0.04,1.06,203783.11,77104.9459,2023-08-01
600727.SH,2012-06-13,5.98,5.98,5.89,5.95,5.93,0.02,0.34,21546.53,12798.715,2023-08-01
002408.SZ,2012-06-13,17.12,17.36,17.1,17.33,17.11,0.22,1.29,18083.21,31166.4974,2023-08-01
002038.SZ,2012-06-13,29.82,30.27,29.8,30.22,29.82,0.4,1.34,32527.73,97779.0732,2023-08-01
002045.SZ,2012-06-13,5.01,5.09,5.0,5.08,5.0,0.08,1.6,20106.86,10160.1301,2023-08-01
000420.SZ,2012-06-13,3.32,3.42,3.32,3.4,3.32,0.08,2.41,52144.36,17562.7949,2023-08-01
000518.SZ,2012-06-13,4.61,4.67,4.59,4.66,4.6,0.06,1.3,88438.19,41018.4637,2023-08-01
002584.SZ,2012-06-13,9.98,10.18,9.96,10.14,9.94,0.2,2.01,16882.97,17057.6903,2023-08-01
300031.SZ,2012-06-13,10.51,10.89,10.45,10.77,10.57,0.2,1.89,34861.3,37264.0925,2023-08-01
600291.SH,2012-06-13,7.02,7.47,7.01,7.39,7.04,0.35,4.97,55902.78,40974.023,2023-08-01
300030.SZ,2012-06-13,9.51,9.67,9.47,9.67,9.51,0.16,1.68,11552.24,11076.1493,2023-08-01
601688.SH,2012-06-13,11.73,12.1,11.58,11.87,11.71,0.16,1.37,224686.8,266987.741,2023-08-01
000524.SZ,2012-06-13,6.85,7.0,6.78,6.97,6.84,0.13,1.9,16916.65,11676.3327,2023-08-01
600008.SH,2012-06-13,5.1,5.2,5.07,5.16,5.1,0.06,1.18,73556.34,37799.44,2023-08-01
000909.SZ,2012-06-13,7.06,7.13,7.0,7.11,6.98,0.13,1.86,6983.03,4945.5249,2023-08-01
600380.SH,2012-06-13,5.26,5.45,5.25,5.45,5.33,0.12,2.25,122491.33,65837.867,2023-08-01
002620.SZ,2012-06-13,26.15,26.37,25.6,26.3,26.2,0.1,0.38,15784.71,41159.6462,2023-08-01
002304.SZ,2012-06-13,135.26,138.59,135.0,138.1,134.99,3.11,2.3,14899.97,205003.8521,2023-08-01
000005.SZ,2012-06-13,3.51,3.53,3.44,3.47,3.46,0.01,0.29,59107.43,20519.0229,2023-08-01
601799.SH,2012-06-13,11.3,11.55,11.25,11.5,11.25,0.25,2.22,16624.77,19014.787,2023-08-01
000552.SZ,2012-06-13,17.07,17.35,16.95,17.34,17.04,0.3,1.76,21857.41,37610.9986,2023-08-01
600236.SH,2012-06-13,3.94,4.21,3.93,4.12,3.94,0.18,4.57,215117.87,88359.601,2023-08-01
002548.SZ,2012-06-13,12.88,12.98,12.56,12.73,12.8,-0.07,-0.55,28460.18,36119.4319,2023-08-01
000997.SZ,2012-06-13,10.52,10.64,10.44,10.64,10.47,0.17,1.62,35132.12,37155.8572,2023-08-01
000917.SZ,2012-06-13,26.83,27.1,26.67,27.01,26.7,0.31,1.16,36322.31,97789.8128,2023-08-01
000509.SZ,2012-06-13,9.75,9.86,9.68,9.82,9.79,0.03,0.31,17114.91,16721.4052,2023-08-01
600483.SH,2012-06-13,5.55,5.64,5.51,5.62,5.53,0.09,1.63,19464.22,10885.532,2023-08-01
600551.SH,2012-06-13,10.6,10.76,10.55,10.7,10.56,0.14,1.33,17124.42,18297.469,2023-08-01
002541.SZ,2012-06-13,12.64,13.19,12.62,13.07,12.63,0.44,3.48,16915.24,21916.987,2023-08-01
300136.SZ,2012-06-13,15.38,15.64,15.3,15.56,15.36,0.2,1.3,16226.44,25157.0536,2023-08-01
600620.SH,2012-06-13,3.74,3.82,3.74,3.79,3.74,0.05,1.34,36414.23,13770.49,2023-08-01
002407.SZ,2012-06-13,18.73,19.14,18.69,19.12,18.73,0.39,2.08,54999.67,104203.8871,2023-08-01
600118.SH,2012-06-13,13.62,13.73,13.44,13.67,13.62,0.05,0.37,124090.24,168461.539,2023-08-01
600805.SH,2012-06-13,10.4,10.48,10.24,10.47,10.35,0.12,1.16,98176.02,101870.216,2023-08-01
300227.SZ,2012-06-13,12.5,13.61,12.5,13.13,12.57,0.56,4.46,10358.64,13617.4726,2023-08-01
000801.SZ,2012-06-13,7.08,7.14,7.02,7.13,7.07,0.06,0.85,7114.79,5044.7301,2023-08-01
300150.SZ,2012-06-13,16.8,17.4,16.8,17.29,16.75,0.54,3.22,16205.29,27766.6317,2023-08-01
002632.SZ,2012-06-13,18.04,18.37,17.98,18.3,18.19,0.11,0.6,12087.31,21971.5787,2023-08-01
000541.SZ,2012-06-13,9.6,9.74,9.59,9.7,9.58,0.12,1.25,33192.26,32091.355,2023-08-01
600456.SH,2012-06-13,20.4,20.72,20.22,20.69,20.37,0.32,1.57,26126.33,53564.868,2023-08-01
000701.SZ,2012-06-13,9.34,9.46,9.3,9.45,9.31,0.14,1.5,22002.95,20686.3612,2023-08-01
002646.SZ,2012-06-13,29.28,31.2,29.0,30.78,29.07,1.71,5.88,84792.42,257284.6987,2023-08-01
600088.SH,2012-06-13,12.43,12.73,12.43,12.67,12.44,0.23,1.85,18646.76,23502.188,2023-08-01
300191.SZ,2012-06-13,13.97,14.48,13.73,14.3,13.93,0.37,2.66,5987.6,8519.6579,2023-08-01
300275.SZ,2012-06-13,28.9,29.2,28.5,28.88,28.8,0.08,0.28,3826.09,11068.4797,2023-08-01
300028.SZ,2012-06-13,6.67,6.81,6.65,6.8,6.68,0.12,1.8,21004.55,14177.4546,2023-08-01
600131.SH,2012-06-13,6.53,6.75,6.51,6.65,6.52,0.13,1.99,199837.77,132402.866,2023-08-01
300213.SZ,2012-06-13,9.84,10.02,9.84,10.0,9.89,0.11,1.11,2836.81,2819.1715,2023-08-01
600753.SH,2012-06-13,6.84,6.88,6.75,6.87,6.79,0.08,1.18,23061.53,15749.72,2023-08-01
002078.SZ,2012-06-13,6.49,6.52,6.43,6.51,6.44,0.07,1.09,10910.47,7076.9523,2023-08-01
300069.SZ,2012-06-13,12.24,12.36,12.21,12.31,12.2,0.11,0.9,2499.54,3072.7103,2023-08-01
002652.SZ,2012-06-13,11.65,11.91,11.65,11.91,11.66,0.25,2.14,11190.93,13225.2132,2023-08-01
002184.SZ,2012-06-13,6.65,6.74,6.6,6.71,6.64,0.07,1.05,8405.03,5625.9193,2023-08-01
300058.SZ,2012-06-13,16.15,16.62,16.0,16.17,16.19,-0.02,-0.12,20262.11,33039.9492,2023-08-01
600518.SH,2012-06-13,13.28,13.57,13.2,13.5,13.29,0.21,1.58,247099.41,331613.609,2023-08-01
600239.SH,2012-06-13,9.86,9.92,9.68,9.84,9.85,-0.01,-0.1,94786.18,92917.182,2023-08-01
000544.SZ,2012-06-13,11.1,11.31,11.05,11.27,11.07,0.2,1.81,72171.03,80924.7015,2023-08-01
600216.SH,2012-06-13,24.58,25.58,24.55,25.49,24.5,0.99,4.04,95623.15,241446.688,2023-08-01
600339.SH,2012-06-13,6.25,6.34,6.22,6.33,6.23,0.1,1.61,23695.07,14919.011,2023-08-01
601098.SH,2012-06-13,9.76,9.97,9.76,9.92,9.7,0.22,2.27,49167.08,48658.599,2023-08-01
600369.SH,2012-06-13,12.29,12.75,12.2,12.63,12.22,0.41,3.36,363111.98,454665.739,2023-08-01
600077.SH,2012-06-13,14.12,14.51,13.91,14.29,14.26,0.03,0.21,78957.9,112320.896,2023-08-01
300307.SZ,2012-06-13,28.88,29.09,28.61,29.01,28.74,0.27,0.94,9782.34,28283.2407,2023-08-01
300251.SZ,2012-06-13,24.5,24.96,24.38,24.65,24.55,0.1,0.41,13787.47,34088.8393,2023-08-01
600105.SH,2012-06-13,6.53,6.75,6.52,6.72,6.53,0.19,2.91,28759.11,19148.287,2023-08-01
002431.SZ,2012-06-13,27.39,28.5,27.2,27.9,27.5,0.4,1.45,60037.03,167913.2366,2023-08-01
000797.SZ,2012-06-13,5.1,5.16,5.07,5.16,5.06,0.1,1.98,6777.11,3474.6393,2023-08-01
002226.SZ,2012-06-13,13.71,14.2,13.71,14.12,13.72,0.4,2.92,26125.58,36615.2269,2023-08-01
600707.SH,2012-06-13,6.95,7.4,6.91,7.33,6.91,0.42,6.08,109603.97,79165.114,2023-08-01
300148.SZ,2012-06-13,16.65,17.56,16.47,17.13,16.6,0.53,3.19,87939.85,149960.9671,2023-08-01
000596.SZ,2012-06-13,44.0,44.95,43.92,44.78,44.03,0.75,1.7,10291.27,45822.0408,2023-08-01
600618.SH,2012-06-13,9.95,10.15,9.92,10.14,9.96,0.18,1.81,25672.19,25825.29,2023-08-01
600781.SH,2012-06-13,14.11,14.35,14.0,14.22,14.16,0.06,0.42,7013.61,9962.487,2023-08-01
000502.SZ,2012-06-13,7.65,7.71,7.6,7.69,7.62,0.07,0.92,25251.39,19326.8382,2023-08-01
600511.SH,2012-06-13,13.95,14.34,13.93,14.32,13.99,0.33,2.36,30305.73,42864.517,2023-08-01
002637.SZ,2012-06-13,13.01,13.2,12.88,13.12,13.01,0.11,0.85,13829.21,18020.4968,2023-08-01
600019.SH,2012-06-13,4.44,4.48,4.41,4.44,4.43,0.01,0.23,312404.61,138588.231,2023-08-01
600223.SH,2012-06-13,6.6,6.69,6.49,6.63,6.58,0.05,0.76,46760.83,30757.995,2023-08-01
002312.SZ,2012-06-13,12.68,13.07,12.68,12.98,12.85,0.13,1.01,6604.78,8533.8746,2023-08-01
600537.SH,2012-06-13,13.75,13.78,13.46,13.75,13.58,0.17,1.25,27694.32,37819.921,2023-08-01
000889.SZ,2012-06-13,6.49,6.61,6.39,6.59,6.45,0.14,2.17,35719.92,23279.2449,2023-08-01
600834.SH,2012-06-13,6.6,6.71,6.58,6.7,6.59,0.11,1.67,12470.17,8298.015,2023-08-01
002478.SZ,2012-06-13,13.08,13.39,13.0,13.26,13.08,0.18,1.38,65783.3,87166.586,2023-08-01
600383.SH,2012-06-13,7.3,7.39,7.2,7.26,7.27,-0.01,-0.14,507638.76,369305.202,2023-08-01
600386.SH,2012-06-13,8.11,8.25,8.1,8.24,8.11,0.13,1.6,33189.17,27152.472,2023-08-01
300299.SZ,2012-06-13,15.76,16.19,15.76,16.14,15.81,0.33,2.09,6695.86,10748.0682,2023-08-01
002426.SZ,2012-06-13,6.96,7.09,6.88,7.09,6.91,0.18,2.6,11150.06,7802.3376,2023-08-01
000962.SZ,2012-06-13,15.09,15.65,14.88,15.45,14.88,0.57,3.83,75005.82,114931.5771,2023-08-01
600335.SH,2012-06-13,12.66,13.05,12.66,13.01,12.66,0.35,2.76,8375.37,10762.487,2023-08-01
002025.SZ,2012-06-13,13.48,13.53,13.25,13.41,13.4,0.01,0.07,58928.87,78939.653,2023-08-01
000835.SZ,2012-06-13,5.93,6.04,5.93,6.04,5.92,0.12,2.03,22965.06,13777.5489,2023-08-01
002566.SZ,2012-06-13,13.52,13.96,13.52,13.88,13.58,0.3,2.21,16295.28,22538.944,2023-08-01
300286.SZ,2012-06-13,15.66,16.4,15.43,16.19,15.59,0.6,3.85,9536.98,15262.2541,2023-08-01
002551.SZ,2012-06-13,23.39,23.92,23.32,23.84,23.39,0.45,1.92,10172.31,24104.2697,2023-08-01
600626.SH,2012-06-13,3.92,3.97,3.91,3.97,3.89,0.08,2.06,24617.29,9710.949,2023-08-01
600750.SH,2012-06-13,27.74,28.82,27.74,28.79,27.76,1.03,3.71,38951.72,110793.835,2023-08-01
000033.SZ,2012-06-13,4.81,4.85,4.78,4.85,4.78,0.07,1.46,13536.34,6515.7234,2023-08-01
002615.SZ,2012-06-13,16.97,17.21,16.75,17.17,16.85,0.32,1.9,14310.66,24393.5771,2023-08-01
002616.SZ,2012-06-13,17.58,17.74,17.26,17.68,17.45,0.23,1.32,73384.72,128845.7577,2023-08-01
000021.SZ,2012-06-13,5.53,5.62,5.53,5.59,5.53,0.06,1.09,17704.49,9886.4446,2023-08-01
002335.SZ,2012-06-13,12.19,12.4,11.9,12.33,12.17,0.16,1.31,21168.62,25817.5432,2023-08-01
600356.SH,2012-06-13,7.05,7.16,7.02,7.15,7.05,0.1,1.42,10868.68,7700.561,2023-08-01
600827.SH,2012-06-13,11.04,11.43,11.01,11.33,11.04,0.29,2.63,81024.07,91157.435,2023-08-01
002011.SZ,2012-06-13,10.55,10.64,10.41,10.64,10.45,0.19,1.82,44892.57,47342.6124,2023-08-01
000737.SZ,2012-06-13,5.45,5.56,5.44,5.56,5.45,0.11,2.02,36269.53,20033.3788,2023-08-01
600477.SH,2012-06-13,5.19,5.36,5.15,5.3,5.18,0.12,2.32,29145.73,15349.058,2023-08-01
601766.SH,2012-06-13,4.76,4.83,4.71,4.82,4.75,0.07,1.47,256366.15,122307.404,2023-08-01
002028.SZ,2012-06-13,11.58,11.79,11.54,11.78,11.55,0.23,1.99,31938.82,37081.486,2023-08-01
601107.SH,2012-06-13,3.63,3.66,3.62,3.66,3.61,0.05,1.39,13756.79,5006.56,2023-08-01
603000.SH,2012-06-13,41.15,42.95,40.9,41.75,41.03,0.72,1.75,66344.73,278502.239,2023-08-01
600130.SH,2012-06-13,3.42,3.5,3.42,3.49,3.42,0.07,2.05,45042.7,15618.5,2023-08-01
300094.SZ,2012-06-13,6.07,6.25,6.07,6.18,6.05,0.13,2.15,35298.25,21814.275,2023-08-01
002454.SZ,2012-06-13,11.23,11.62,11.15,11.58,11.22,0.36,3.21,35745.74,40909.3976,2023-08-01
002205.SZ,2012-06-13,15.52,15.7,15.41,15.62,15.37,0.25,1.63,8491.3,13236.2565,2023-08-01
300113.SZ,2012-06-13,19.58,21.45,19.51,20.83,19.5,1.33,6.82,15771.84,32346.1236,2023-08-01
002110.SZ,2012-06-13,6.7,6.75,6.64,6.74,6.64,0.1,1.51,8433.68,5642.1627,2023-08-01
000069.SZ,2012-06-13,6.6,6.87,6.55,6.75,6.6,0.15,2.27,499289.48,337218.5785,2023-08-01
300159.SZ,2012-06-13,12.37,12.63,12.37,12.56,12.39,0.17,1.37,13336.78,16671.8942,2023-08-01
000828.SZ,2012-06-13,5.14,5.22,5.1,5.15,5.1,0.05,0.98,37342.84,19212.5,2023-08-01
601668.SH,2012-06-13,3.4,3.45,3.39,3.42,3.39,0.03,0.89,820237.88,280553.782,2023-08-01
000572.SZ,2012-06-13,3.36,3.4,3.34,3.39,3.36,0.03,0.89,29821.99,10063.5149,2023-08-01
002472.SZ,2012-06-13,8.5,8.68,8.48,8.65,8.48,0.17,2.0,6330.07,5433.2841,2023-08-01
601677.SH,2012-06-13,11.28,11.48,11.25,11.46,11.28,0.18,1.6,6302.53,7172.954,2023-08-01
300181.SZ,2012-06-13,23.2,23.83,23.15,23.69,23.35,0.34,1.46,6049.62,14257.6475,2023-08-01
002165.SZ,2012-06-13,11.11,11.58,11.07,11.49,10.83,0.66,6.09,51129.91,58266.7654,2023-08-01
300188.SZ,2012-06-13,24.0,24.26,23.66,24.0,24.03,-0.03,-0.12,5035.06,12050.9436,2023-08-01
600572.SH,2012-06-13,9.77,10.0,9.75,9.95,9.76,0.19,1.95,176800.06,174811.05,2023-08-01
002636.SZ,2012-06-13,8.0,8.16,8.0,8.16,7.99,0.17,2.13,12165.87,9854.8333,2023-08-01
300221.SZ,2012-06-13,7.0,7.24,6.92,7.18,6.98,0.2,2.87,24652.24,17527.2068,2023-08-01
600068.SH,2012-06-13,7.13,7.2,7.09,7.19,7.11,0.08,1.13,150282.61,107492.345,2023-08-01
000401.SZ,2012-06-13,16.38,16.6,16.1,16.59,16.38,0.21,1.28,166521.87,272435.8413,2023-08-01
600395.SH,2012-06-13,31.29,31.44,30.12,30.65,31.17,-0.52,-1.67,85520.8,261516.144,2023-08-01
600495.SH,2012-06-13,12.31,12.42,12.15,12.37,12.3,0.07,0.57,125471.87,154182.149,2023-08-01
002175.SZ,2012-06-13,9.74,9.94,9.74,9.93,9.78,0.15,1.53,3864.22,3804.181,2023-08-01
300123.SZ,2012-06-13,13.17,13.46,13.09,13.27,13.0,0.27,2.08,17834.63,23649.4685,2023-08-01
002479.SZ,2012-06-13,15.46,15.82,15.38,15.67,15.4,0.27,1.75,45558.52,71329.164,2023-08-01
600960.SH,2012-06-13,11.27,11.9,11.27,11.83,11.27,0.56,4.97,120071.07,139835.893,2023-08-01
300116.SZ,2012-06-13,11.2,11.42,11.19,11.42,11.18,0.24,2.15,12333.73,13974.3656,2023-08-01
601002.SH,2012-06-13,11.91,12.3,11.78,12.2,11.9,0.3,2.52,171526.1,207175.312,2023-08-01
002309.SZ,2012-06-13,9.8,10.26,9.8,10.19,9.78,0.41,4.19,44917.34,45464.55,2023-08-01
002364.SZ,2012-06-13,15.67,16.29,15.41,16.15,16.02,0.13,0.81,3013.03,4845.9946,2023-08-01
600410.SH,2012-06-13,9.05,9.15,8.9,9.11,9.01,0.1,1.11,51298.05,46290.3,2023-08-01
000682.SZ,2012-06-13,3.51,3.55,3.48,3.55,3.48,0.07,2.01,27797.8,9787.5184,2023-08-01
000531.SZ,2012-06-13,12.67,13.87,12.6,13.87,12.61,1.26,9.99,100273.19,136036.6194,2023-08-01
601618.SH,2012-06-13,2.56,2.59,2.56,2.59,2.56,0.03,1.17,125802.7,32396.176,2023-08-01
300152.SZ,2012-06-13,9.47,9.55,9.13,9.48,9.24,0.24,2.6,131071.89,122852.4852,2023-08-01
000812.SZ,2012-06-13,4.49,4.58,4.48,4.56,4.48,0.08,1.79,27607.04,12535.3299,2023-08-01
002366.SZ,2012-06-13,9.27,9.55,9.25,9.54,9.19,0.35,3.81,10766.9,10153.6496,2023-08-01
002633.SZ,2012-06-13,8.85,8.97,8.75,8.95,8.85,0.1,1.13,8282.46,7364.2467,2023-08-01
000806.SZ,2012-06-13,2.67,2.7,2.65,2.68,2.67,0.01,0.37,47969.51,12851.3634,2023-08-01
000651.SZ,2012-06-13,21.85,22.09,21.64,21.95,21.71,0.24,1.11,137927.65,301634.0259,2023-08-01
000768.SZ,2012-06-13,8.27,8.39,8.27,8.37,8.26,0.11,1.33,40817.28,34053.6475,2023-08-01
002564.SZ,2012-06-13,13.0,13.28,12.81,13.01,13.0,0.01,0.08,18016.02,23599.1414,2023-08-01
002352.SZ,2012-06-13,21.28,21.68,21.11,21.67,21.24,0.43,2.02,4544.68,9755.2108,2023-08-01
600802.SH,2012-06-13,8.12,8.2,8.03,8.18,8.06,0.12,1.49,41624.25,33831.187,2023-08-01
601628.SH,2012-06-13,16.71,17.89,16.71,17.88,16.68,1.2,7.19,278958.87,487855.985,2023-08-01
002150.SZ,2012-06-13,6.49,6.5,6.37,6.47,6.46,0.01,0.15,19198.97,12369.1887,2023-08-01
002289.SZ,2012-06-13,21.42,21.45,20.9,21.02,21.28,-0.26,-1.22,15362.19,32360.2554,2023-08-01
002307.SZ,2012-06-13,7.61,7.7,7.57,7.67,7.61,0.06,0.79,51226.3,39099.9925,2023-08-01
300254.SZ,2012-06-13,10.43,11.45,10.43,11.05,10.43,0.62,5.94,57357.25,63068.4419,2023-08-01
600796.SH,2012-06-13,6.22,6.4,6.22,6.36,6.22,0.14,2.25,26246.99,16545.421,2023-08-01
000012.SZ,2012-06-13,9.23,9.31,9.17,9.3,9.19,0.11,1.2,88548.93,82042.0928,2023-08-01
002514.SZ,2012-06-13,11.42,11.7,11.42,11.67,11.46,0.21,1.83,2742.35,3188.248,2023-08-01
002087.SZ,2012-06-13,3.7,3.77,3.68,3.74,3.68,0.06,1.63,19451.81,7257.216,2023-08-01
002343.SZ,2012-06-13,10.17,10.18,9.91,10.15,10.11,0.04,0.4,14439.98,14529.7113,2023-08-01
002117.SZ,2012-06-13,7.78,7.97,7.74,7.97,7.72,0.25,3.24,15139.15,11932.6517,2023-08-01
300096.SZ,2012-06-13,11.2,11.5,11.02,11.43,11.16,0.27,2.42,21966.49,24706.6695,2023-08-01
600523.SH,2012-06-13,10.02,10.35,9.98,10.29,9.99,0.3,3.0,16694.02,17059.876,2023-08-01
002116.SZ,2012-06-13,22.98,23.68,22.84,23.59,22.73,0.86,3.78,9369.58,21867.2026,2023-08-01
002124.SZ,2012-06-13,6.62,6.7,6.53,6.68,6.58,0.1,1.52,6328.99,4211.3863,2023-08-01
600188.SH,2012-06-13,21.3,21.32,20.99,21.32,21.16,0.16,0.76,30936.26,65612.305,2023-08-01
000568.SZ,2012-06-13,39.88,40.95,39.5,40.79,39.76,1.03,2.59,94912.01,382581.8022,2023-08-01
002061.SZ,2012-06-13,9.81,9.95,9.71,9.83,9.76,0.07,0.72,40819.2,40089.1054,2023-08-01
300203.SZ,2012-06-13,16.2,17.5,16.01,17.1,15.91,1.19,7.48,62401.8,107320.7484,2023-08-01
002214.SZ,2012-06-13,20.76,21.22,20.76,21.16,20.87,0.29,1.39,8749.78,18428.5173,2023-08-01
000617.SZ,2012-06-13,11.03,11.17,10.72,11.14,11.03,0.11,1.0,15816.92,17270.7322,2023-08-01
002189.SZ,2012-06-13,8.44,8.6,8.42,8.59,8.41,0.18,2.14,9417.42,8030.1545,2023-08-01
000620.SZ,2012-06-13,6.28,6.43,6.25,6.3,6.27,0.03,0.48,55422.81,35078.3714,2023-08-01
600109.SH,2012-06-13,14.98,15.57,14.88,15.39,14.88,0.51,3.43,120644.88,184605.443,2023-08-01
002536.SZ,2012-06-13,16.5,16.77,16.5,16.75,16.48,0.27,1.64,4689.03,7820.4847,2023-08-01
600169.SH,2012-06-13,3.75,3.81,3.72,3.8,3.76,0.04,1.06,169368.92,63861.492,2023-08-01
600821.SH,2012-06-13,4.54,4.57,4.48,4.55,4.51,0.04,0.89,13959.11,6322.855,2023-08-01
002672.SZ,2012-06-13,56.9,57.5,56.2,57.38,56.79,0.59,1.04,13589.46,77500.4761,2023-08-01
600011.SH,2012-06-13,5.95,6.36,5.95,6.26,5.92,0.34,5.74,929947.86,575474.252,2023-08-01
300022.SZ,2012-06-13,8.4,8.56,8.3,8.34,8.11,0.23,2.84,49796.01,41825.1669,2023-08-01
601010.SH,2012-06-13,14.2,14.42,14.19,14.39,14.19,0.2,1.41,16602.58,23780.686,2023-08-01
000996.SZ,2012-06-13,15.75,15.75,15.75,15.75,14.32,1.43,9.99,15709.83,24742.9823,2023-08-01
002397.SZ,2012-06-13,19.2,21.12,19.12,21.12,19.2,1.92,10.0,34918.2,72910.2224,2023-08-01
002057.SZ,2012-06-13,16.8,17.15,16.72,17.04,16.81,0.23,1.37,10472.2,17720.1809,2023-08-01
002599.SZ,2012-06-13,9.17,9.34,9.13,9.31,9.15,0.16,1.75,4130.11,3827.2973,2023-08-01
000711.SZ,2012-06-13,9.46,9.54,9.4,9.5,9.4,0.1,1.06,15781.97,14974.7465,2023-08-01
600730.SH,2012-06-13,6.25,6.34,6.21,6.31,6.18,0.13,2.1,23952.68,15050.434,2023-08-01
000024.SZ,2012-06-13,26.1,26.35,25.96,26.18,26.0,0.18,0.69,48237.87,126154.0187,2023-08-01
300247.SZ,2012-06-13,12.0,12.35,11.94,12.28,11.92,0.36,3.02,7397.82,9020.9116,2023-08-01
601929.SH,2012-06-13,8.04,8.14,8.01,8.12,8.01,0.11,1.37,89602.35,72512.3,2023-08-01
300127.SZ,2012-06-13,29.08,29.88,28.9,29.48,29.09,0.39,1.34,22996.48,67663.5983,2023-08-01
000717.SZ,2012-06-13,2.66,2.7,2.65,2.69,2.66,0.03,1.13,62578.13,16757.8279,2023-08-01
600280.SH,2012-06-13,31.43,31.98,31.15,31.79,31.64,0.15,0.47,2340.84,7445.11,2023-08-01
002003.SZ,2012-06-13,10.25,10.47,10.18,10.43,10.2,0.23,2.25,16333.54,16880.8412,2023-08-01
002047.SZ,2012-06-13,3.17,3.21,3.16,3.2,3.17,0.03,0.95,23275.62,7437.1321,2023-08-01
002149.SZ,2012-06-13,13.06,13.33,12.96,13.22,13.06,0.16,1.23,10580.35,13919.0707,2023-08-01
000780.SZ,2012-06-13,12.31,12.42,12.12,12.35,12.28,0.07,0.57,31536.39,38769.854,2023-08-01
002075.SZ,2012-06-13,4.58,4.72,4.55,4.67,4.58,0.09,1.97,17825.61,8264.4087,2023-08-01
600640.SH,2012-06-13,8.63,8.79,8.63,8.79,8.64,0.15,1.74,19015.95,16620.644,2023-08-01
000692.SZ,2012-06-13,4.85,5.0,4.85,4.98,4.87,0.11,2.26,14462.86,7161.3883,2023-08-01
600095.SH,2012-06-13,6.26,6.41,6.26,6.39,6.26,0.13,2.08,69742.52,44314.361,2023-08-01
002444.SZ,2012-06-13,9.14,9.48,9.1,9.48,9.14,0.34,3.72,19846.31,18600.4478,2023-08-01
600297.SH,2012-06-13,6.06,6.2,6.06,6.2,6.09,0.11,1.81,11375.67,7021.676,2023-08-01
002290.SZ,2012-06-13,11.84,12.09,11.8,11.99,11.82,0.17,1.44,21808.57,26027.9381,2023-08-01
601118.SH,2012-06-13,6.68,6.82,6.65,6.8,6.66,0.14,2.1,60472.29,40832.475,2023-08-01
600732.SH,2012-06-13,7.04,7.2,6.86,7.09,7.02,0.07,1.0,94797.37,66762.603,2023-08-01
600662.SH,2012-06-13,4.63,4.69,4.6,4.68,4.61,0.07,1.52,22747.92,10579.061,2023-08-01
000562.SZ,2012-06-13,17.7,18.48,17.64,18.05,17.6,0.45,2.56,218549.64,396396.181,2023-08-01
002208.SZ,2012-06-13,6.96,7.05,6.86,6.97,6.95,0.02,0.29,51003.8,35436.8444,2023-08-01
300283.SZ,2012-06-13,19.51,19.92,19.51,19.81,19.45,0.36,1.85,12993.61,25624.3963,2023-08-01
000965.SZ,2012-06-13,4.66,4.73,4.65,4.69,4.66,0.03,0.64,13693.8,6422.08,2023-08-01
002010.SZ,2012-06-13,6.94,7.14,6.92,7.14,6.93,0.21,3.03,27692.61,19568.7112,2023-08-01
002239.SZ,2012-06-13,9.91,10.26,9.83,10.17,10.0,0.17,1.7,97701.1,98157.9619,2023-08-01
000426.SZ,2012-06-13,15.02,15.45,14.98,15.39,14.91,0.48,3.22,69701.86,106299.4954,2023-08-01
300161.SZ,2012-06-13,17.74,18.12,17.4,18.09,17.77,0.32,1.8,25748.95,45715.5553,2023-08-01
600814.SH,2012-06-13,6.1,6.17,6.09,6.16,6.08,0.08,1.32,11889.42,7297.651,2023-08-01
600706.SH,2012-06-13,12.6,12.8,12.3,12.61,12.62,-0.01,-0.08,7109.43,8874.696,2023-08-01
002453.SZ,2012-06-13,23.03,23.1,22.86,22.95,23.03,-0.08,-0.35,5313.1,12201.7984,2023-08-01
601918.SH,2012-06-13,13.31,13.53,13.15,13.36,13.36,0.0,0.0,108797.85,144824.103,2023-08-01
000799.SZ,2012-06-13,39.16,40.77,38.91,40.37,39.07,1.3,3.33,60031.91,240178.6389,2023-08-01
002232.SZ,2012-06-13,7.88,8.0,7.88,7.98,7.88,0.1,1.27,13683.14,10891.6582,2023-08-01
600577.SH,2012-06-13,6.53,6.65,6.5,6.6,6.53,0.07,1.07,50591.17,33328.764,2023-08-01
000527.SZ,2012-06-13,12.29,12.44,12.14,12.35,12.2,0.15,1.23,269022.63,330987.3342,2023-08-01
002305.SZ,2012-06-13,6.05,6.13,5.98,6.13,6.07,0.06,0.99,35473.16,21514.2172,2023-08-01
600094.SH,2012-06-13,5.27,5.33,5.25,5.32,5.26,0.06,1.14,12844.88,6805.968,2023-08-01
002576.SZ,2012-06-13,8.12,8.32,8.11,8.26,8.15,0.11,1.35,10058.07,8303.8452,2023-08-01
002656.SZ,2012-06-13,46.5,47.48,45.9,47.4,46.45,0.95,2.05,6936.39,32329.0052,2023-08-01
002081.SZ,2012-06-13,37.76,38.79,37.5,38.5,37.97,0.53,1.4,29099.43,111121.3914,2023-08-01
300115.SZ,2012-06-13,24.25,24.77,23.42,23.66,24.0,-0.34,-1.42,25308.71,60686.38,2023-08-01
000402.SZ,2012-06-13,7.01,7.06,6.87,6.97,6.96,0.01,0.14,417850.37,289936.5816,2023-08-01
600787.SH,2012-06-13,8.91,9.06,8.83,8.96,8.86,0.1,1.13,114587.84,102390.374,2023-08-01
600262.SH,2012-06-13,13.22,13.45,13.04,13.27,13.23,0.04,0.3,7667.54,10126.349,2023-08-01
300198.SZ,2012-06-13,17.3,18.11,17.2,17.93,17.15,0.78,4.55,26063.11,46519.1769,2023-08-01
600652.SH,2012-06-13,5.17,5.4,5.15,5.36,5.18,0.18,3.47,112420.6,59341.788,2023-08-01
002018.SZ,2012-06-13,4.84,4.95,4.81,4.93,4.84,0.09,1.86,21914.51,10696.3807,2023-08-01
600306.SH,2012-06-13,11.85,11.9,11.7,11.88,11.73,0.15,1.28,10063.4,11895.293,2023-08-01
300270.SZ,2012-06-13,18.8,19.56,18.8,19.0,18.2,0.8,4.4,11885.17,22622.6435,2023-08-01
002251.SZ,2012-06-13,22.29,22.94,22.21,22.89,22.2,0.69,3.11,7140.99,16102.6815,2023-08-01
002680.SZ,2012-06-13,31.69,32.66,31.2,32.34,31.54,0.8,2.54,31509.28,100785.2586,2023-08-01
002037.SZ,2012-06-13,22.1,22.65,22.08,22.45,22.1,0.35,1.58,30522.46,68260.195,2023-08-01
002361.SZ,2012-06-13,8.41,8.55,8.33,8.52,8.36,0.16,1.91,5326.48,4505.3255,2023-08-01
002086.SZ,2012-06-13,11.7,12.04,11.7,12.02,11.7,0.32,2.74,27329.55,32601.7786,2023-08-01
600060.SH,2012-06-13,17.3,17.7,17.06,17.57,17.26,0.31,1.8,81788.06,142362.094,2023-08-01
600983.SH,2012-06-13,8.45,8.65,8.42,8.62,8.44,0.18,2.13,23002.19,19706.601,2023-08-01
000713.SZ,2012-06-13,11.23,11.4,11.15,11.35,11.22,0.13,1.16,23145.84,26121.9808,2023-08-01
600751.SH,2012-06-13,6.42,6.65,6.35,6.63,6.4,0.23,3.59,14256.46,9328.453,2023-08-01
000938.SZ,2012-06-13,13.26,13.58,13.17,13.5,13.23,0.27,2.04,28521.35,38222.0483,2023-08-01
002441.SZ,2012-06-13,14.64,14.74,14.45,14.74,14.59,0.15,1.03,8015.47,11723.0641,2023-08-01
600729.SH,2012-06-13,27.16,27.7,26.96,27.49,27.08,0.41,1.51,11253.02,30765.551,2023-08-01
002624.SZ,2012-06-13,8.77,8.92,8.6,8.9,8.72,0.18,2.06,42401.96,37239.2413,2023-08-01
600373.SH,2012-06-13,15.2,15.44,15.11,15.35,15.15,0.2,1.32,32136.52,49208.686,2023-08-01
002112.SZ,2012-06-13,8.14,8.36,8.09,8.25,8.15,0.1,1.23,14363.96,11845.4875,2023-08-01
002026.SZ,2012-06-13,8.4,8.56,8.39,8.52,8.41,0.11,1.31,8918.07,7573.0105,2023-08-01
002593.SZ,2012-06-13,10.16,10.31,10.12,10.3,10.12,0.18,1.78,8764.07,8975.25,2023-08-01
002267.SZ,2012-06-13,17.32,17.49,17.18,17.48,17.2,0.28,1.63,7294.78,12648.8516,2023-08-01
002498.SZ,2012-06-13,12.25,12.39,12.2,12.37,12.21,0.16,1.31,13785.16,16987.8195,2023-08-01
600778.SH,2012-06-13,9.54,9.96,9.45,9.95,9.53,0.42,4.41,69586.84,67881.772,2023-08-01
300256.SZ,2012-06-13,11.7,12.45,11.7,12.02,11.73,0.29,2.47,22438.58,27233.4097,2023-08-01
002665.SZ,2012-06-13,31.14,33.2,30.96,32.51,30.95,1.56,5.04,20605.16,66713.312,2023-08-01
600039.SH,2012-06-13,5.15,5.19,5.1,5.18,5.14,0.04,0.78,63864.61,32810.795,2023-08-01
300323.SZ,2012-06-13,20.0,20.79,19.8,20.5,20.0,0.5,2.5,70684.67,143338.848,2023-08-01
300268.SZ,2012-06-13,11.2,11.36,11.04,11.31,11.18,0.13,1.16,12766.35,14319.2119,2023-08-01
002315.SZ,2012-06-13,35.0,35.26,34.65,35.13,34.87,0.26,0.75,3161.05,11078.1142,2023-08-01
300226.SZ,2012-06-13,14.43,14.59,14.1,14.53,14.43,0.1,0.69,10857.35,15553.4733,2023-08-01
600605.SH,2012-06-13,8.58,8.92,8.48,8.86,8.61,0.25,2.9,33212.01,29029.152,2023-08-01
600030.SH,2012-06-13,13.39,13.61,13.08,13.51,13.29,0.22,1.66,909751.83,1219000.643,2023-08-01
000011.SZ,2012-06-13,7.7,7.84,7.64,7.74,7.7,0.04,0.52,61397.51,47378.612,2023-08-01
300168.SZ,2012-06-13,22.91,23.19,22.83,23.02,22.91,0.11,0.48,1586.96,3650.883,2023-08-01
002511.SZ,2012-06-13,21.3,21.88,21.3,21.81,21.26,0.55,2.59,8933.78,19356.8067,2023-08-01
002540.SZ,2012-06-13,12.95,13.1,12.89,13.07,12.87,0.2,1.55,7976.71,10388.3386,2023-08-01
600196.SH,2012-06-13,10.02,10.38,9.97,10.37,10.02,0.35,3.49,111441.45,113807.233,2023-08-01
600603.SH,2012-06-13,5.74,6.05,5.65,6.05,5.76,0.29,5.03,107794.16,63947.136,2023-08-01
600517.SH,2012-06-13,12.22,12.33,12.14,12.2,12.12,0.08,0.66,28127.94,34453.943,2023-08-01
000637.SZ,2012-06-13,4.44,4.56,4.43,4.55,4.46,0.09,2.02,22146.84,9970.755,2023-08-01
002433.SZ,2012-06-13,21.08,21.64,21.08,21.6,21.08,0.52,2.47,3670.04,7866.3404,2023-08-01
300049.SZ,2012-06-13,11.62,11.81,11.55,11.77,11.66,0.11,0.94,8291.45,9720.9824,2023-08-01
600327.SH,2012-06-13,6.12,6.33,6.12,6.27,6.12,0.15,2.45,71199.96,44429.884,2023-08-01
600890.SH,2012-06-13,4.14,4.22,4.07,4.12,4.08,0.04,0.98,26355.14,10874.883,2023-08-01
002035.SZ,2012-06-13,7.48,7.62,7.47,7.59,7.46,0.13,1.74,10848.34,8205.3075,2023-08-01
000613.SZ,2012-06-13,3.53,3.72,3.52,3.67,3.55,0.12,3.38,20074.69,7270.3135,2023-08-01
600675.SH,2012-06-13,5.12,5.23,5.06,5.14,5.11,0.03,0.59,177318.64,91209.58,2023-08-01
002552.SZ,2012-06-13,11.15,11.43,11.13,11.43,11.14,0.29,2.6,12579.14,14243.8052,2023-08-01
002377.SZ,2012-06-13,8.14,8.2,8.08,8.17,8.1,0.07,0.86,9125.23,7432.0909,2023-08-01
601233.SH,2012-06-13,9.93,10.25,9.93,10.09,9.93,0.16,1.61,48087.7,48446.567,2023-08-01
300180.SZ,2012-06-13,11.09,11.43,10.89,11.29,11.03,0.26,2.36,36411.96,40630.5334,2023-08-01
600125.SH,2012-06-13,8.38,8.56,8.29,8.55,8.38,0.17,2.03,95964.65,81098.099,2023-08-01
000570.SZ,2012-06-13,6.76,6.86,6.72,6.78,6.74,0.04,0.59,27844.44,18892.2969,2023-08-01
002140.SZ,2012-06-13,21.79,22.24,21.6,21.89,21.78,0.11,0.51,4429.18,9695.8694,2023-08-01
600820.SH,2012-06-13,8.97,9.14,8.93,9.12,8.91,0.21,2.36,47399.83,42885.622,2023-08-01
600190.SH,2012-06-13,4.26,4.28,4.18,4.27,4.22,0.05,1.18,49596.48,20997.751,2023-08-01
002326.SZ,2012-06-13,15.27,16.85,15.11,16.37,15.5,0.87,5.61,118338.27,187752.9522,2023-08-01
000599.SZ,2012-06-13,4.22,4.27,4.2,4.26,4.22,0.04,0.95,38698.92,16427.1688,2023-08-01
002155.SZ,2012-06-13,21.08,22.0,21.08,21.6,20.97,0.63,3.0,203182.07,439261.7761,2023-08-01
600228.SH,2012-06-13,14.03,14.6,13.88,14.15,13.93,0.22,1.58,104160.59,148328.892,2023-08-01
600680.SH,2012-06-13,10.58,10.62,10.46,10.61,10.51,0.1,0.95,4294.56,4537.308,2023-08-01
002424.SZ,2012-06-13,16.3,16.65,16.14,16.58,16.29,0.29,1.78,46948.6,77222.0767,2023-08-01
002482.SZ,2012-06-13,18.4,18.71,18.0,18.7,18.4,0.3,1.63,55391.02,101927.4132,2023-08-01
002157.SZ,2012-06-13,8.6,9.04,8.52,8.93,8.55,0.38,4.44,57102.06,50527.0659,2023-08-01
000151.SZ,2012-06-13,7.44,7.52,7.37,7.49,7.42,0.07,0.94,15636.76,11647.464,2023-08-01
600308.SH,2012-06-13,3.7,3.75,3.7,3.74,3.7,0.04,1.08,29318.82,10934.17,2023-08-01
300052.SZ,2012-06-13,12.02,12.57,11.95,12.35,12.02,0.33,2.75,72054.78,88654.6475,2023-08-01
300017.SZ,2012-06-13,15.1,15.78,14.96,15.59,15.1,0.49,3.25,30763.87,47564.4619,2023-08-01
300281.SZ,2012-06-13,18.4,18.54,18.2,18.53,18.35,0.18,0.98,4509.04,8298.1793,2023-08-01
601801.SH,2012-06-13,12.42,12.67,12.42,12.62,12.41,0.21,1.69,27953.13,35153.512,2023-08-01
300050.SZ,2012-06-13,11.02,11.3,10.97,11.23,10.96,0.27,2.46,19026.68,21277.261,2023-08-01
000627.SZ,2012-06-13,3.19,3.3,3.16,3.28,3.2,0.08,2.5,182344.22,59079.8515,2023-08-01
000912.SZ,2012-06-13,7.4,7.44,7.25,7.41,7.39,0.02,0.27,87910.19,64679.4844,2023-08-01
300020.SZ,2012-06-13,11.35,11.48,11.25,11.45,11.3,0.15,1.33,44662.77,50824.7559,2023-08-01
000813.SZ,2012-06-13,10.61,10.78,10.61,10.71,10.61,0.1,0.94,8615.92,9219.3976,2023-08-01
000629.SZ,2012-06-13,7.52,7.63,7.38,7.53,7.52,0.01,0.13,528611.74,395191.5328,2023-08-01
600602.SH,2012-06-13,4.41,4.5,4.41,4.49,4.41,0.08,1.81,16723.55,7490.139,2023-08-01
002258.SZ,2012-06-13,9.7,10.51,9.58,10.5,9.62,0.88,9.15,34357.36,35123.0425,2023-08-01
002385.SZ,2012-06-13,18.49,18.85,18.41,18.78,18.49,0.29,1.57,120655.95,226037.6381,2023-08-01
002255.SZ,2012-06-13,14.17,14.38,14.0,14.32,14.03,0.29,2.07,13983.63,19874.099,2023-08-01
600701.SH,2012-06-13,3.85,3.92,3.83,3.91,3.85,0.06,1.56,26754.64,10409.674,2023-08-01
002055.SZ,2012-06-13,7.49,7.69,7.49,7.67,7.49,0.18,2.4,26655.82,20272.4943,2023-08-01
600643.SH,2012-06-13,8.92,9.42,8.83,9.29,8.84,0.45,5.09,154853.39,142865.936,2023-08-01
300039.SZ,2012-06-13,20.8,21.61,20.68,21.48,20.76,0.72,3.47,21230.25,45032.2059,2023-08-01
300090.SZ,2012-06-13,14.22,14.47,14.11,14.38,14.23,0.15,1.05,17621.21,25250.9122,2023-08-01
000037.SZ,2012-06-13,4.17,4.3,4.12,4.29,4.11,0.18,4.38,30561.33,12980.8253,2023-08-01
002579.SZ,2012-06-13,7.5,7.66,7.44,7.59,7.45,0.14,1.88,11624.06,8798.1144,2023-08-01
002601.SZ,2012-06-13,82.2,83.48,81.61,83.29,82.05,1.24,1.51,6289.11,51926.486,2023-08-01
000691.SZ,2012-06-13,5.26,5.33,5.19,5.28,5.2,0.08,1.54,22508.37,11859.6,2023-08-01
002006.SZ,2012-06-13,12.25,12.37,12.05,12.3,12.2,0.1,0.82,46547.02,56820.5048,2023-08-01
600743.SH,2012-06-13,4.39,4.47,4.36,4.44,4.39,0.05,1.14,77631.22,34392.876,2023-08-01
002446.SZ,2012-06-13,11.44,11.58,11.31,11.48,11.44,0.04,0.35,1729.34,1980.8868,2023-08-01
002284.SZ,2012-06-13,6.73,6.97,6.68,6.92,6.72,0.2,2.98,9632.37,6601.316,2023-08-01
000039.SZ,2012-06-13,14.15,14.44,14.15,14.42,14.12,0.3,2.12,38797.41,55607.4636,2023-08-01
300169.SZ,2012-06-13,8.0,8.14,7.98,8.14,7.98,0.16,2.01,13587.24,10947.5981,2023-08-01
300091.SZ,2012-06-13,8.26,8.55,8.25,8.37,8.14,0.23,2.83,15193.84,12743.2798,2023-08-01
000581.SZ,2012-06-13,31.46,31.99,31.46,31.69,31.36,0.33,1.05,10678.58,33830.0275,2023-08-01
002183.SZ,2012-06-13,6.0,6.17,6.0,6.17,6.01,0.16,2.66,34552.31,21137.2035,2023-08-01
600886.SH,2012-06-13,6.32,6.5,6.28,6.49,6.33,0.16,2.53,126235.87,81556.159,2023-08-01
600546.SH,2012-06-13,25.53,25.59,25.0,25.46,25.42,0.04,0.16,20803.83,52549.386,2023-08-01
600818.SH,2012-06-13,12.08,12.27,12.0,12.2,12.01,0.19,1.58,11793.25,14334.465,2023-08-01
002053.SZ,2012-06-13,9.23,9.32,9.17,9.31,9.23,0.08,0.87,5707.94,5296.9663,2023-08-01
600992.SH,2012-06-13,7.55,7.64,7.53,7.63,7.54,0.09,1.19,5974.31,4538.692,2023-08-01
002618.SZ,2012-06-13,12.95,13.3,12.88,13.28,12.91,0.37,2.87,10925.55,14347.0259,2023-08-01
002036.SZ,2012-06-13,16.25,16.95,16.07,16.9,16.22,0.68,4.19,34967.07,57887.9371,2023-08-01
600755.SH,2012-06-13,5.3,5.48,5.26,5.47,5.3,0.17,3.21,189809.64,102741.454,2023-08-01
002072.SZ,2012-06-13,6.07,6.27,6.0,6.27,5.97,0.3,5.03,21193.48,13152.119,2023-08-01
600387.SH,2012-06-13,8.87,8.95,8.75,8.93,8.86,0.07,0.79,19118.33,16915.958,2023-08-01
600859.SH,2012-06-13,25.9,26.61,25.67,26.49,25.85,0.64,2.48,24616.93,64634.152,2023-08-01
000955.SZ,2012-06-13,4.79,4.89,4.73,4.89,4.81,0.08,1.66,33410.64,16136.7916,2023-08-01
600116.SH,2012-06-13,13.56,13.56,13.35,13.51,13.37,0.14,1.05,50581.79,68178.161,2023-08-01
600529.SH,2012-06-13,10.05,10.2,9.98,10.19,10.05,0.14,1.39,24308.57,24588.236,2023-08-01
002630.SZ,2012-06-13,16.27,17.5,16.16,17.25,16.37,0.88,5.38,85715.94,146524.9228,2023-08-01
000901.SZ,2012-06-13,12.68,12.77,12.37,12.59,12.65,-0.06,-0.47,83756.3,105349.6244,2023-08-01
300009.SZ,2012-06-13,10.46,10.64,10.45,10.63,10.52,0.11,1.05,18286.76,19284.8271,2023-08-01
300189.SZ,2012-06-13,16.45,16.7,16.42,16.61,16.39,0.22,1.34,20184.02,33466.3717,2023-08-01
600072.SH,2012-06-13,17.03,17.38,16.97,17.23,17.02,0.21,1.23,40978.25,70335.126,2023-08-01
600317.SH,2012-06-13,4.02,4.07,4.0,4.07,4.02,0.05,1.24,26238.13,10607.772,2023-08-01
002127.SZ,2012-06-13,5.38,5.73,5.32,5.66,5.38,0.28,5.2,204468.75,112996.9373,2023-08-01
002384.SZ,2012-06-13,10.82,11.83,10.75,11.83,10.87,0.96,8.83,148688.71,169553.9004,2023-08-01
000036.SZ,2012-06-13,3.85,3.87,3.73,3.82,3.82,0.0,0.0,233172.97,88294.0486,2023-08-01
600182.SH,2012-06-13,7.92,8.1,7.9,8.1,7.92,0.18,2.27,16256.38,13031.48,2023-08-01
600835.SH,2012-06-13,9.2,9.27,9.11,9.26,9.19,0.07,0.76,44061.04,40532.841,2023-08-01
600980.SH,2012-06-13,15.35,15.7,15.27,15.55,15.21,0.34,2.24,17674.95,27435.211,2023-08-01
300010.SZ,2012-06-13,9.0,9.3,9.0,9.27,8.99,0.28,3.11,13760.52,12625.034,2023-08-01
600522.SH,2012-06-13,9.41,9.41,9.18,9.35,9.33,0.02,0.21,112574.98,104426.97,2023-08-01
002581.SZ,2012-06-13,16.9,17.2,16.9,17.2,16.87,0.33,1.96,4838.39,8268.1343,2023-08-01
002215.SZ,2012-06-13,8.32,8.49,8.3,8.47,8.29,0.18,2.17,43931.69,37018.4162,2023-08-01
600195.SH,2012-06-13,16.75,17.39,16.75,17.36,16.69,0.67,4.01,35402.91,60859.974,2023-08-01
002409.SZ,2012-06-13,15.63,15.98,15.63,15.95,15.62,0.33,2.11,2034.72,3226.901,2023-08-01
002296.SZ,2012-06-13,21.51,21.74,21.32,21.57,21.51,0.06,0.28,8264.77,17846.8583,2023-08-01
000537.SZ,2012-06-13,8.25,8.35,8.13,8.29,8.29,0.0,0.0,74438.92,61368.2368,2023-08-01
600177.SH,2012-06-13,8.9,9.16,8.88,9.08,8.87,0.21,2.37,72122.87,65081.808,2023-08-01
002202.SZ,2012-06-13,6.91,7.03,6.91,7.03,6.9,0.13,1.88,87675.67,61154.79,2023-08-01
000989.SZ,2012-06-13,15.09,15.69,15.09,15.64,15.09,0.55,3.64,66996.73,103775.8112,2023-08-01
600633.SH,2012-06-13,15.18,15.64,15.18,15.47,15.17,0.3,1.98,52868.62,81779.642,2023-08-01
000969.SZ,2012-06-13,15.02,15.05,14.77,15.01,14.94,0.07,0.47,51182.52,76438.6785,2023-08-01
600871.SH,2012-06-13,7.07,7.4,6.98,7.39,7.05,0.34,4.82,55062.54,39867.662,2023-08-01
601117.SH,2012-06-13,6.25,6.36,6.18,6.32,6.17,0.15,2.43,166988.95,105018.294,2023-08-01
002460.SZ,2012-06-13,26.58,27.16,26.18,26.93,26.76,0.17,0.64,53976.29,144188.4373,2023-08-01
600985.SH,2012-06-13,12.22,12.47,12.22,12.45,12.33,0.12,0.97,6331.59,7863.79,2023-08-01
000559.SZ,2012-06-13,5.5,5.55,5.46,5.54,5.47,0.07,1.28,60591.58,33387.5791,2023-08-01
300293.SZ,2012-06-13,23.58,24.15,23.58,24.1,23.62,0.48,2.03,7858.01,18820.423,2023-08-01
600691.SH,2012-06-13,14.54,14.54,14.54,14.54,13.85,0.69,4.98,419.99,610.665,2023-08-01
002159.SZ,2012-06-13,14.25,14.51,14.15,14.42,14.25,0.17,1.19,3590.5,5156.8942,2023-08-01
002005.SZ,2012-06-13,8.37,8.48,8.14,8.48,8.39,0.09,1.07,109468.45,90739.8154,2023-08-01
000423.SZ,2012-06-13,41.3,42.87,41.3,42.49,41.3,1.19,2.88,78418.08,330675.3318,2023-08-01
300059.SZ,2012-06-13,13.16,13.5,12.91,13.43,13.18,0.25,1.9,33049.71,43771.393,2023-08-01
600699.SH,2012-06-13,10.1,10.38,10.04,10.35,10.17,0.18,1.77,16364.17,16688.899,2023-08-01
000868.SZ,2012-06-13,9.41,9.64,9.37,9.6,9.42,0.18,1.91,24115.36,22973.2247,2023-08-01
000911.SZ,2012-06-13,10.66,10.79,10.63,10.79,10.64,0.15,1.41,10652.69,11434.8608,2023-08-01
000520.SZ,2012-06-13,2.75,2.79,2.73,2.78,2.76,0.02,0.72,45628.28,12602.1263,2023-08-01
300086.SZ,2012-06-13,12.76,13.07,12.64,13.01,12.73,0.28,2.2,24630.66,31871.9653,2023-08-01
600545.SH,2012-06-13,6.61,6.65,6.44,6.61,6.62,-0.01,-0.15,140713.41,92138.371,2023-08-01
300072.SZ,2012-06-13,10.8,11.02,10.74,10.93,10.88,0.05,0.46,37332.87,40619.8084,2023-08-01
002425.SZ,2012-06-13,8.16,8.38,8.15,8.34,8.16,0.18,2.21,9671.72,8025.8952,2023-08-01
601666.SH,2012-06-13,10.45,10.53,10.32,10.5,10.39,0.11,1.06,66697.29,69618.163,2023-08-01
000551.SZ,2012-06-13,5.82,5.9,5.75,5.89,5.88,0.01,0.17,52790.83,30854.2768,2023-08-01
002466.SZ,2012-06-13,34.11,34.19,33.21,33.72,34.11,-0.39,-1.14,23703.25,79703.2945,2023-08-01
002253.SZ,2012-06-13,14.88,15.08,14.62,15.05,14.75,0.3,2.03,6770.61,10085.7898,2023-08-01
000856.SZ,2012-06-13,8.47,8.55,8.45,8.53,8.47,0.06,0.71,15909.26,13528.9937,2023-08-01
002400.SZ,2012-06-13,17.64,18.2,17.64,18.11,17.6,0.51,2.9,15299.11,27551.6822,2023-08-01
600051.SH,2012-06-13,8.88,9.01,8.83,9.0,8.84,0.16,1.81,19434.16,17363.528,2023-08-01
600307.SH,2012-06-13,3.77,3.81,3.76,3.81,3.77,0.04,1.06,28642.81,10853.555,2023-08-01
000690.SZ,2012-06-13,4.02,4.28,4.02,4.22,4.03,0.19,4.71,297566.96,124953.3529,2023-08-01
002537.SZ,2012-06-13,14.69,14.72,14.26,14.63,14.53,0.1,0.69,9523.43,13810.6888,2023-08-01
300303.SZ,2012-06-13,24.47,24.86,24.38,24.86,24.38,0.48,1.97,4482.5,11061.4915,2023-08-01
002561.SZ,2012-06-13,10.56,10.74,10.56,10.72,10.56,0.16,1.52,10283.88,10972.2177,2023-08-01
002103.SZ,2012-06-13,5.93,6.02,5.89,6.01,5.89,0.12,2.04,2947.16,1759.3787,2023-08-01
600207.SH,2012-06-13,4.04,4.06,4.01,4.06,4.01,0.05,1.25,27427.91,11066.912,2023-08-01
002569.SZ,2012-06-13,13.29,13.67,13.2,13.48,13.25,0.23,1.74,3854.41,5184.8035,2023-08-01
000626.SZ,2012-06-13,11.65,12.16,11.52,11.91,11.71,0.2,1.71,55734.62,65996.7246,2023-08-01
600962.SH,2012-06-13,10.61,10.89,10.6,10.85,10.58,0.27,2.55,17000.86,18302.67,2023-08-01
002144.SZ,2012-06-13,13.15,13.64,13.08,13.62,13.16,0.46,3.5,29217.95,39247.7002,2023-08-01
002524.SZ,2012-06-13,7.12,7.44,7.04,7.29,7.08,0.21,2.97,41817.86,30291.4093,2023-08-01
300045.SZ,2012-06-13,11.56,11.78,11.46,11.61,11.49,0.12,1.04,17819.0,20738.2015,2023-08-01
002429.SZ,2012-06-13,12.11,12.68,12.1,12.62,12.04,0.58,4.82,61119.49,76202.3052,2023-08-01
600143.SH,2012-06-13,5.78,6.07,5.77,6.06,5.8,0.26,4.48,228909.74,137230.791,2023-08-01
000727.SZ,2012-06-13,5.51,5.57,5.47,5.57,5.5,0.07,1.27,35355.12,19550.2118,2023-08-01
300100.SZ,2012-06-13,13.37,13.41,13.2,13.33,13.27,0.06,0.45,4132.12,5494.7271,2023-08-01
002040.SZ,2012-06-13,5.6,5.71,5.6,5.69,5.6,0.09,1.61,6120.67,3466.0407,2023-08-01
002457.SZ,2012-06-13,9.99,10.16,9.95,10.12,9.94,0.18,1.81,31900.67,32167.122,2023-08-01
600150.SH,2012-06-13,23.75,23.95,23.06,23.54,23.79,-0.25,-1.05,70683.19,165572.494,2023-08-01
000905.SZ,2012-06-13,6.09,6.19,6.06,6.17,6.09,0.08,1.31,27180.58,16699.7819,2023-08-01
002365.SZ,2012-06-13,11.0,11.78,10.99,11.78,10.71,1.07,9.99,95796.66,111254.7021,2023-08-01
002360.SZ,2012-06-13,13.12,13.45,13.02,13.42,13.12,0.3,2.29,14957.51,19846.1653,2023-08-01
601669.SH,2012-06-13,4.55,4.62,4.54,4.6,4.55,0.05,1.1,490408.96,224860.449,2023-08-01
600435.SH,2012-06-13,8.37,8.49,8.36,8.46,8.36,0.1,1.2,21230.34,17890.276,2023-08-01
601199.SH,2012-06-13,12.36,12.55,12.36,12.53,12.36,0.17,1.38,5926.43,7397.988,2023-08-01
300183.SZ,2012-06-13,27.24,27.97,27.11,27.81,27.1,0.71,2.62,27366.04,75731.0348,2023-08-01
600250.SH,2012-06-13,5.04,5.09,4.99,5.05,5.0,0.05,1.0,7373.71,3721.823,2023-08-01
002666.SZ,2012-06-13,15.18,15.4,15.09,15.37,15.15,0.22,1.45,12453.31,19016.2636,2023-08-01
000415.SZ,2012-06-13,7.96,8.24,7.87,8.19,7.96,0.23,2.89,104168.82,84547.2148,2023-08-01
002249.SZ,2012-06-13,9.39,9.44,9.25,9.42,9.4,0.02,0.21,22823.97,21357.1655,2023-08-01
000615.SZ,2012-06-13,5.27,5.39,5.22,5.36,5.27,0.09,1.71,31164.72,16548.149,2023-08-01
002168.SZ,2012-06-13,10.08,10.14,9.87,10.14,10.02,0.12,1.2,45672.66,45790.6192,2023-08-01
300309.SZ,2012-06-13,27.77,28.54,27.52,28.5,27.55,0.95,3.45,9061.51,25567.7702,2023-08-01
600278.SH,2012-06-13,6.26,6.34,6.19,6.34,6.24,0.1,1.6,8170.35,5132.35,2023-08-01
002480.SZ,2012-06-13,11.12,11.36,11.06,11.33,11.08,0.25,2.26,29596.89,33232.5409,2023-08-01
600520.SH,2012-06-13,12.7,13.9,12.7,13.62,12.7,0.92,7.24,184178.2,245447.754,2023-08-01
002520.SZ,2012-06-13,16.0,16.3,16.0,16.27,16.09,0.18,1.12,13158.82,21310.6255,2023-08-01
600336.SH,2012-06-13,4.63,4.71,4.62,4.71,4.65,0.06,1.29,12588.13,5889.447,2023-08-01
600515.SH,2012-06-13,4.98,5.05,4.98,5.04,4.97,0.07,1.41,11018.98,5521.693,2023-08-01
600168.SH,2012-06-13,7.8,7.94,7.73,7.85,7.78,0.07,0.9,49550.64,38860.154,2023-08-01
600241.SH,2012-06-13,6.19,6.28,6.17,6.25,6.17,0.08,1.3,25057.77,15615.329,2023-08-01
601318.SH,2012-06-13,42.52,45.46,42.52,45.28,42.5,2.78,6.54,542936.14,2409654.611,2023-08-01
002041.SZ,2012-06-13,20.6,20.8,20.45,20.79,20.56,0.23,1.12,24476.18,50545.7033,2023-08-01
600233.SH,2012-06-13,11.25,11.9,11.25,11.6,11.28,0.32,2.84,39630.08,46060.176,2023-08-01
000731.SZ,2012-06-13,7.15,7.26,7.0,7.23,7.15,0.08,1.12,49842.61,35712.7576,2023-08-01
000539.SZ,2012-06-13,5.81,6.18,5.75,6.15,5.83,0.32,5.49,120180.06,73071.002,2023-08-01
601238.SH,2012-06-13,7.63,7.74,7.61,7.72,7.62,0.1,1.31,112486.14,86195.815,2023-08-01
002469.SZ,2012-06-13,17.73,18.06,17.73,18.02,17.75,0.27,1.52,5487.88,9859.9927,2023-08-01
000590.SZ,2012-06-13,13.6,13.91,13.6,13.82,13.54,0.28,2.07,50440.18,69615.6111,2023-08-01
002244.SZ,2012-06-13,10.12,10.27,9.93,10.1,10.11,-0.01,-0.1,34987.0,35195.0382,2023-08-01
600340.SH,2012-06-13,18.48,18.65,18.24,18.4,18.38,0.02,0.11,52378.36,96479.853,2023-08-01
002342.SZ,2012-06-13,7.42,7.65,7.38,7.56,7.42,0.14,1.89,44010.19,33225.5861,2023-08-01
002182.SZ,2012-06-13,10.0,10.18,9.99,10.16,9.98,0.18,1.8,40349.69,40765.1532,2023-08-01
002440.SZ,2012-06-13,15.31,15.45,15.18,15.4,15.18,0.22,1.45,12975.14,19923.6944,2023-08-01
600048.SH,2012-06-13,14.61,14.7,14.5,14.59,14.63,-0.04,-0.27,408380.6,595805.754,2023-08-01
002118.SZ,2012-06-13,9.47,9.62,9.36,9.6,9.5,0.1,1.05,82922.55,78729.8765,2023-08-01
002635.SZ,2012-06-13,41.7,42.58,41.05,42.21,41.55,0.66,1.59,13492.74,56652.701,2023-08-01
600120.SH,2012-06-13,9.84,10.8,9.6,10.49,9.87,0.62,6.28,323979.59,332665.29,2023-08-01
600382.SH,2012-06-13,8.0,8.04,7.89,7.99,7.9,0.09,1.14,36961.09,29443.07,2023-08-01
000892.SZ,2012-06-13,4.06,4.22,4.05,4.17,4.06,0.11,2.71,22440.74,9308.4459,2023-08-01
600175.SH,2012-06-13,2.99,3.0,2.93,2.98,2.99,-0.01,-0.33,99431.91,29518.531,2023-08-01
000030.SZ,2012-06-13,9.49,9.82,9.4,9.72,9.46,0.26,2.75,26637.42,25734.15,2023-08-01
000929.SZ,2012-06-13,7.8,8.03,7.8,8.0,7.81,0.19,2.43,27724.88,22065.5294,2023-08-01
002543.SZ,2012-06-13,19.0,19.37,18.88,19.26,19.01,0.25,1.32,11956.38,22970.5027,2023-08-01
600279.SH,2012-06-13,7.24,7.37,7.24,7.36,7.25,0.11,1.52,9486.35,6945.895,2023-08-01
600037.SH,2012-06-13,7.78,7.88,7.77,7.87,7.76,0.11,1.42,27872.12,21861.517,2023-08-01
002065.SZ,2012-06-13,20.92,21.56,20.85,21.35,20.92,0.43,2.06,17449.2,37254.9423,2023-08-01
300310.SZ,2012-06-13,20.2,20.56,20.03,20.43,20.05,0.38,1.9,12201.97,24743.9545,2023-08-01
002104.SZ,2012-06-13,8.78,8.94,8.75,8.9,8.78,0.12,1.37,37591.13,33288.9255,2023-08-01
300223.SZ,2012-06-13,16.04,16.53,16.04,16.53,16.03,0.5,3.12,9245.98,15172.3973,2023-08-01
000538.SZ,2012-06-13,56.0,57.8,55.68,57.5,55.8,1.7,3.05,39341.81,224420.9283,2023-08-01
600648.SH,2012-06-13,9.31,9.38,9.2,9.33,9.31,0.02,0.21,4970.79,4619.208,2023-08-01
600720.SH,2012-06-13,12.5,12.95,12.23,12.72,12.52,0.2,1.6,112733.14,142327.135,2023-08-01
002488.SZ,2012-06-13,9.13,9.31,9.13,9.22,9.13,0.09,0.99,5609.32,5177.6667,2023-08-01
600432.SH,2012-06-13,14.19,14.32,14.02,14.29,14.12,0.17,1.2,19155.41,27249.088,2023-08-01
000755.SZ,2012-06-13,7.9,8.02,7.9,8.02,7.87,0.15,1.91,43135.49,34403.3304,2023-08-01
002556.SZ,2012-06-13,6.58,6.64,6.53,6.6,6.51,0.09,1.38,36555.1,24061.6968,2023-08-01
000686.SZ,2012-06-13,18.8,19.5,18.61,19.14,18.63,0.51,2.74,57383.06,109946.2633,2023-08-01
600900.SH,2012-06-13,6.85,6.92,6.81,6.92,6.86,0.06,0.87,106646.53,73514.305,2023-08-01
600270.SH,2012-06-13,7.43,7.48,7.32,7.47,7.34,0.13,1.77,10376.36,7699.978,2023-08-01
000818.SZ,2012-06-13,4.06,4.17,4.06,4.15,4.07,0.08,1.97,36089.16,14889.1044,2023-08-01
600689.SH,2012-06-13,8.24,8.47,8.21,8.45,8.21,0.24,2.92,7227.02,6019.123,2023-08-01
600677.SH,2012-06-13,9.16,9.2,9.07,9.19,9.15,0.04,0.44,56898.32,52032.509,2023-08-01
600266.SH,2012-06-13,15.94,16.21,15.8,16.01,16.01,0.0,0.0,35174.77,56247.749,2023-08-01
600897.SH,2012-06-13,13.16,13.28,13.15,13.26,13.17,0.09,0.68,7240.08,9572.077,2023-08-01
600829.SH,2012-06-13,11.62,11.82,11.52,11.79,11.61,0.18,1.55,44156.45,51815.621,2023-08-01
002316.SZ,2012-06-13,11.65,11.76,11.56,11.74,11.6,0.14,1.21,16232.13,18953.2831,2023-08-01
600639.SH,2012-06-13,7.18,7.25,7.12,7.25,7.17,0.08,1.12,28890.1,20831.172,2023-08-01
002093.SZ,2012-06-13,5.65,5.71,5.6,5.7,5.61,0.09,1.6,30521.52,17284.3313,2023-08-01
002080.SZ,2012-06-13,10.93,11.29,10.93,11.23,11.0,0.23,2.09,29007.8,32338.5396,2023-08-01
600584.SH,2012-06-13,5.09,5.14,5.06,5.12,5.06,0.06,1.19,29955.54,15292.611,2023-08-01
002559.SZ,2012-06-13,23.89,24.17,23.65,24.16,23.7,0.46,1.94,2604.67,6238.0621,2023-08-01
600765.SH,2012-06-13,8.58,8.66,8.52,8.64,8.6,0.04,0.47,27207.55,23463.466,2023-08-01
600868.SH,2012-06-13,2.07,2.14,2.07,2.11,2.08,0.03,1.44,216098.62,45548.608,2023-08-01
600235.SH,2012-06-13,6.58,6.65,6.46,6.63,6.58,0.05,0.76,9042.61,5949.221,2023-08-01
300217.SZ,2012-06-13,12.27,12.48,12.13,12.47,12.15,0.32,2.63,13159.14,16225.7072,2023-08-01
601717.SH,2012-06-13,12.46,12.57,12.3,12.56,12.41,0.15,1.21,187633.87,233307.512,2023-08-01
000709.SZ,2012-06-13,2.89,2.91,2.87,2.9,2.88,0.02,0.69,134402.85,38835.6352,2023-08-01
300185.SZ,2012-06-13,5.88,5.92,5.81,5.91,5.86,0.05,0.85,77051.9,45280.6227,2023-08-01
300267.SZ,2012-06-13,21.23,22.35,21.15,21.91,21.23,0.68,3.2,23872.64,52248.1797,2023-08-01
002589.SZ,2012-06-13,27.55,28.49,27.4,28.38,27.48,0.9,3.28,7698.71,21559.4014,2023-08-01
600811.SH,2012-06-13,5.72,5.82,5.69,5.8,5.72,0.08,1.4,69831.69,40301.076,2023-08-01
002591.SZ,2012-06-13,15.14,15.53,15.09,15.52,15.01,0.51,3.4,11786.47,18172.6665,2023-08-01
600301.SH,2012-06-13,4.02,4.13,4.02,4.1,4.03,0.07,1.74,19677.78,8055.987,2023-08-01
600587.SH,2012-06-13,24.45,25.3,24.36,25.24,24.39,0.85,3.49,16124.09,40252.37,2023-08-01
300244.SZ,2012-06-13,23.9,24.19,23.4,24.06,23.87,0.19,0.8,11657.72,27811.0982,2023-08-01
002588.SZ,2012-06-13,26.21,26.99,26.21,26.57,26.16,0.41,1.57,11237.69,29935.5695,2023-08-01
002659.SZ,2012-06-13,13.45,13.83,13.28,13.74,13.44,0.3,2.23,45326.93,61417.8489,2023-08-01
600155.SH,2012-06-13,4.12,4.18,4.11,4.16,4.13,0.03,0.73,15588.63,6476.185,2023-08-01
600809.SH,2012-06-13,36.18,38.18,35.81,37.76,36.6,1.16,3.17,45068.73,167618.101,2023-08-01
000748.SZ,2012-06-13,5.83,5.98,5.81,5.96,5.84,0.12,2.05,23257.72,13757.8848,2023-08-01
002101.SZ,2012-06-13,10.48,10.66,10.37,10.63,10.37,0.26,2.51,8396.44,8843.1172,2023-08-01
300298.SZ,2012-06-13,47.2,49.35,47.12,49.33,47.4,1.93,4.07,18476.99,89678.1054,2023-08-01
600715.SH,2012-06-13,5.58,5.75,5.51,5.73,5.55,0.18,3.24,11205.21,6286.995,2023-08-01
600881.SH,2012-06-13,6.27,6.32,6.17,6.29,6.23,0.06,0.96,113944.06,71424.026,2023-08-01
600585.SH,2012-06-13,16.14,16.5,16.05,16.46,16.13,0.33,2.05,205875.98,334966.374,2023-08-01
000616.SZ,2012-06-13,4.0,4.06,3.95,4.03,4.0,0.03,0.75,169205.21,67787.0141,2023-08-01
600026.SH,2012-06-13,5.47,5.54,5.43,5.51,5.44,0.07,1.29,32428.5,17785.342,2023-08-01
600260.SH,2012-06-13,11.18,11.76,11.16,11.72,11.18,0.54,4.83,318472.8,367212.681,2023-08-01
002602.SZ,2012-06-13,8.93,9.05,8.93,9.03,8.93,0.1,1.12,10542.27,9495.2618,2023-08-01
002130.SZ,2012-06-13,10.71,10.95,10.46,10.92,10.66,0.26,2.44,90384.16,97079.1376,2023-08-01
002293.SZ,2012-06-13,72.25,78.2,71.6,78.0,72.01,5.99,8.32,9222.2,70232.4813,2023-08-01
600186.SH,2012-06-13,3.22,3.25,3.17,3.24,3.22,0.02,0.62,61792.54,19830.686,2023-08-01
000546.SZ,2012-06-13,7.68,7.78,7.62,7.78,7.65,0.13,1.7,15773.41,12168.4859,2023-08-01
000716.SZ,2012-06-13,9.45,10.47,9.45,10.47,9.52,0.95,9.98,112636.15,114884.9863,2023-08-01
600613.SH,2012-06-13,11.63,11.9,11.6,11.81,11.59,0.22,1.9,20839.97,24572.866,2023-08-01
600693.SH,2012-06-13,7.18,7.29,7.18,7.28,7.17,0.11,1.53,44681.43,32374.033,2023-08-01
600686.SH,2012-06-13,6.89,7.03,6.81,7.01,6.81,0.2,2.94,37703.7,26249.681,2023-08-01
600774.SH,2012-06-13,6.15,6.2,6.09,6.16,6.1,0.06,0.98,9160.39,5637.076,2023-08-01
600519.SH,2012-06-13,234.5,239.18,233.1,238.99,233.85,5.14,2.2,20463.47,485626.133,2023-08-01
300225.SZ,2012-06-13,11.23,11.23,10.88,11.18,11.24,-0.06,-0.53,8598.4,9519.6321,2023-08-01
600771.SH,2012-06-13,8.03,8.09,7.88,8.06,8.03,0.03,0.37,18899.86,15102.02,2023-08-01
600711.SH,2012-06-13,17.52,17.95,17.4,17.91,17.54,0.37,2.11,10569.66,18559.352,2023-08-01
300231.SZ,2012-06-13,26.52,28.55,26.52,27.98,26.76,1.22,4.56,11643.0,32206.2317,2023-08-01
002496.SZ,2012-06-13,14.64,15.03,14.64,14.96,14.63,0.33,2.26,7592.07,11283.858,2023-08-01
000935.SZ,2012-06-13,8.18,8.34,8.18,8.29,8.18,0.11,1.34,15282.52,12635.4511,2023-08-01
002645.SZ,2012-06-13,13.21,13.88,13.2,13.86,13.48,0.38,2.82,76307.76,103926.9363,2023-08-01
000910.SZ,2012-06-13,5.24,5.33,5.21,5.32,5.24,0.08,1.53,11696.01,6176.0023,2023-08-01
000838.SZ,2012-06-13,6.2,6.32,6.2,6.3,6.22,0.08,1.29,4157.85,2596.2623,2023-08-01
002462.SZ,2012-06-13,8.7,9.18,8.65,9.02,8.67,0.35,4.04,13799.19,12367.6461,2023-08-01
600536.SH,2012-06-13,15.29,15.55,15.16,15.51,15.24,0.27,1.77,9889.46,15221.601,2023-08-01
300118.SZ,2012-06-13,6.01,6.09,5.95,6.08,5.99,0.09,1.5,44813.32,27023.284,2023-08-01
603123.SH,2012-06-13,10.3,10.49,10.22,10.45,10.24,0.21,2.05,30565.03,31755.354,2023-08-01
300218.SZ,2012-06-13,6.56,6.67,6.53,6.64,6.53,0.11,1.68,11989.74,7922.7245,2023-08-01
000950.SZ,2012-06-13,5.9,6.0,5.83,6.0,5.85,0.15,2.56,32230.83,19124.2603,2023-08-01
002223.SZ,2012-06-13,15.11,15.66,15.0,15.6,15.12,0.48,3.17,55222.69,85315.891,2023-08-01
601390.SH,2012-06-13,2.61,2.66,2.6,2.65,2.6,0.05,1.92,263938.59,69401.987,2023-08-01
002345.SZ,2012-06-13,22.2,23.25,22.2,23.25,22.19,1.06,4.78,16895.22,38738.3098,2023-08-01
000913.SZ,2012-06-13,4.67,4.71,4.63,4.7,4.65,0.05,1.08,12258.54,5732.938,2023-08-01
600543.SH,2012-06-13,13.77,14.2,13.66,14.08,13.77,0.31,2.25,203486.51,284286.745,2023-08-01
600784.SH,2012-06-13,5.89,6.11,5.86,6.1,5.89,0.21,3.57,77657.58,46753.179,2023-08-01
300166.SZ,2012-06-13,23.23,23.81,22.9,23.59,23.05,0.54,2.34,10156.36,23774.6215,2023-08-01
002430.SZ,2012-06-13,15.17,15.38,15.04,15.2,15.17,0.03,0.2,20037.06,30518.7825,2023-08-01
600299.SH,2012-06-13,6.17,6.31,6.16,6.3,6.17,0.13,2.11,24276.17,15170.99,2023-08-01
000607.SZ,2012-06-13,4.4,4.45,4.36,4.44,4.37,0.07,1.6,11896.58,5254.8663,2023-08-01
002230.SZ,2012-06-13,23.26,23.91,23.24,23.73,23.2,0.53,2.28,26356.47,62195.0912,2023-08-01
600433.SH,2012-06-13,7.58,7.79,7.56,7.7,7.57,0.13,1.72,45681.83,35065.115,2023-08-01
000811.SZ,2012-06-13,9.16,9.36,9.07,9.27,9.12,0.15,1.64,36863.06,34034.0537,2023-08-01
600486.SH,2012-06-13,17.35,17.65,17.27,17.59,17.36,0.23,1.32,18648.67,32683.36,2023-08-01
002648.SZ,2012-06-13,18.95,19.44,18.88,19.38,18.94,0.44,2.32,32720.76,62864.7204,2023-08-01
002614.SZ,2012-06-13,12.0,12.07,11.87,12.04,11.98,0.06,0.5,10748.3,12882.1416,2023-08-01
000786.SZ,2012-06-13,14.0,14.11,13.68,14.11,13.9,0.21,1.51,19348.62,27013.3283,2023-08-01
300041.SZ,2012-06-13,17.09,17.5,16.84,17.29,17.09,0.2,1.17,12595.39,21623.265,2023-08-01
000726.SZ,2012-06-13,7.53,7.83,7.53,7.7,7.52,0.18,2.39,109946.92,84553.4703,2023-08-01
000979.SZ,2012-06-13,7.88,8.32,7.88,8.31,7.88,0.43,5.46,205670.13,167491.326,2023-08-01
600111.SH,2012-06-13,45.64,45.9,44.82,45.53,45.5,0.03,0.07,426133.68,1931956.347,2023-08-01
600057.SH,2012-06-13,5.35,5.44,5.32,5.43,5.34,0.09,1.69,41760.19,22509.74,2023-08-01
300304.SZ,2012-06-13,17.93,18.19,17.93,18.17,17.93,0.24,1.34,3938.5,7126.7124,2023-08-01
000736.SZ,2012-06-13,11.04,11.94,11.03,11.94,10.85,1.09,10.05,219844.58,257194.1975,2023-08-01
600883.SH,2012-06-13,8.59,8.64,8.49,8.61,8.56,0.05,0.58,11651.13,9995.849,2023-08-01
002501.SZ,2012-06-13,19.13,19.6,19.09,19.59,19.04,0.55,2.89,41582.86,80940.8727,2023-08-01
600841.SH,2012-06-13,12.95,12.99,12.5,12.88,12.48,0.4,3.21,17619.11,22381.141,2023-08-01
300023.SZ,2012-06-13,9.96,9.96,9.5,9.65,9.41,0.24,2.55,7865.87,7582.7342,2023-08-01
600352.SH,2012-06-13,6.0,6.08,5.95,6.08,5.96,0.12,2.01,83242.1,50003.57,2023-08-01
601288.SH,2012-06-13,2.62,2.63,2.61,2.62,2.61,0.01,0.38,766522.13,200400.562,2023-08-01
002314.SZ,2012-06-13,9.95,10.12,9.95,10.02,10.02,0.0,0.0,12195.73,12253.9091,2023-08-01
002336.SZ,2012-06-13,14.23,14.46,14.07,14.38,14.4,-0.02,-0.14,37745.49,53977.1713,2023-08-01
002002.SZ,2012-06-13,8.31,8.79,8.31,8.79,8.37,0.42,5.02,48115.96,41730.1298,2023-08-01
600757.SH,2012-06-13,7.5,7.6,7.47,7.58,7.47,0.11,1.47,24112.24,18166.643,2023-08-01
300035.SZ,2012-06-13,9.37,9.46,9.28,9.43,9.37,0.06,0.64,14596.13,13689.7577,2023-08-01
600485.SH,2012-06-13,9.48,9.55,9.1,9.44,9.49,-0.05,-0.53,37008.07,34406.526,2023-08-01
600318.SH,2012-06-13,12.28,12.43,12.09,12.33,12.2,0.13,1.07,49232.03,60411.095,2023-08-01
000026.SZ,2012-06-13,10.48,10.81,10.35,10.75,10.41,0.34,3.27,21815.18,23182.9437,2023-08-01
300313.SZ,2012-06-13,14.48,14.73,14.41,14.61,14.44,0.17,1.18,9584.13,13980.0548,2023-08-01
600733.SH,2012-06-13,18.18,18.8,18.15,18.36,18.26,0.1,0.55,11995.47,22217.846,2023-08-01
600312.SH,2012-06-13,7.64,7.75,7.62,7.74,7.61,0.13,1.71,46788.72,35937.712,2023-08-01
600824.SH,2012-06-13,5.02,5.08,4.98,5.08,4.99,0.09,1.8,21229.18,10714.013,2023-08-01
300288.SZ,2012-06-13,42.09,42.45,41.22,42.3,42.1,0.2,0.48,7905.72,33074.2881,2023-08-01
002235.SZ,2012-06-13,9.35,9.46,9.1,9.39,9.26,0.13,1.4,7412.01,6898.337,2023-08-01
600361.SH,2012-06-13,5.62,5.77,5.62,5.73,5.62,0.11,1.96,14673.87,8348.33,2023-08-01
600073.SH,2012-06-13,9.88,10.08,9.84,10.01,9.84,0.17,1.73,14930.06,14896.62,2023-08-01
600259.SH,2012-06-13,73.45,74.28,72.72,73.58,73.44,0.14,0.19,33902.2,248357.14,2023-08-01
300073.SZ,2012-06-13,10.98,10.98,10.68,10.95,11.1,-0.15,-1.35,83693.32,90911.4359,2023-08-01
300176.SZ,2012-06-13,11.08,11.3,11.06,11.28,11.06,0.22,1.99,4335.4,4851.0954,2023-08-01
600575.SH,2012-06-13,8.3,8.33,8.18,8.33,8.25,0.08,0.97,9608.7,7935.56,2023-08-01
600062.SH,2012-06-13,19.4,20.4,19.4,20.29,19.41,0.88,4.53,112691.45,225654.975,2023-08-01
002083.SZ,2012-06-13,4.91,5.0,4.91,5.0,4.91,0.09,1.83,37072.53,18393.0685,2023-08-01
601788.SH,2012-06-13,14.05,14.46,13.84,14.33,13.96,0.37,2.65,121829.59,173365.19,2023-08-01
000802.SZ,2012-06-13,9.83,10.03,9.83,9.97,9.83,0.14,1.42,6201.04,6166.4487,2023-08-01
000967.SZ,2012-06-13,7.09,7.17,7.05,7.17,7.08,0.09,1.27,11400.17,8129.5494,2023-08-01
300056.SZ,2012-06-13,13.35,14.1,13.06,13.79,13.31,0.48,3.61,85328.09,116347.7942,2023-08-01
600610.SH,2012-06-13,11.88,12.03,11.8,11.98,11.89,0.09,0.76,5948.8,7076.789,2023-08-01
002554.SZ,2012-06-13,8.91,9.27,8.91,9.27,8.95,0.32,3.58,11634.37,10586.5381,2023-08-01
000968.SZ,2012-06-13,17.99,18.1,17.58,17.88,17.97,-0.09,-0.5,56813.77,101300.0276,2023-08-01
600167.SH,2012-06-13,11.23,11.75,11.2,11.71,11.18,0.53,4.74,52135.08,60269.478,2023-08-01
600136.SH,2012-06-13,9.05,9.14,8.91,9.11,9.01,0.1,1.11,9540.45,8603.677,2023-08-01
002330.SZ,2012-06-13,12.86,12.95,12.7,12.94,12.79,0.15,1.17,10450.23,13410.2019,2023-08-01
300179.SZ,2012-06-13,12.48,12.65,12.43,12.63,12.43,0.2,1.61,3218.33,4049.4515,2023-08-01
600747.SH,2012-06-13,5.58,5.63,5.5,5.61,5.56,0.05,0.9,78474.51,43732.477,2023-08-01
300206.SZ,2012-06-13,20.15,20.35,20.01,20.32,20.11,0.21,1.04,1757.58,3553.963,2023-08-01
300317.SZ,2012-06-13,11.68,11.98,11.6,11.94,11.66,0.28,2.4,29641.56,35045.9757,2023-08-01
300106.SZ,2012-06-13,12.47,12.69,12.47,12.54,12.52,0.02,0.16,10425.1,13080.5149,2023-08-01
600080.SH,2012-06-13,8.14,8.14,7.69,8.12,8.1,0.02,0.25,178975.83,141572.536,2023-08-01
600885.SH,2012-06-13,11.48,11.53,11.29,11.5,11.37,0.13,1.14,11575.41,13193.549,2023-08-01
601601.SH,2012-06-13,20.79,22.5,20.79,22.2,20.8,1.4,6.73,379959.32,827352.0,2023-08-01
002323.SZ,2012-06-13,18.34,18.66,18.34,18.6,18.51,0.09,0.49,2133.59,3963.6016,2023-08-01
300235.SZ,2012-06-13,24.55,24.56,24.09,24.42,24.17,0.25,1.03,6879.79,16760.7976,2023-08-01
601137.SH,2012-06-13,14.75,14.97,14.75,14.97,14.79,0.18,1.22,3036.24,4530.111,2023-08-01
002684.SZ,2012-06-13,21.23,23.32,21.22,23.32,21.2,2.12,10.0,61613.79,138606.0703,2023-08-01
002221.SZ,2012-06-13,9.3,9.44,9.23,9.4,9.18,0.22,2.4,9667.65,9040.23,2023-08-01
600578.SH,2012-06-13,7.71,8.11,7.71,8.03,7.77,0.26,3.35,69028.64,55104.479,2023-08-01
600398.SH,2012-06-13,3.91,3.99,3.88,3.97,3.91,0.06,1.53,37615.84,14831.098,2023-08-01
002139.SZ,2012-06-13,6.94,7.04,6.9,7.03,6.95,0.08,1.15,20781.81,14496.8714,2023-08-01
300107.SZ,2012-06-13,11.03,11.3,10.9,11.04,11.03,0.01,0.09,15640.98,17278.4622,2023-08-01
600133.SH,2012-06-13,7.41,7.75,7.41,7.68,7.49,0.19,2.54,72041.29,54910.833,2023-08-01
000099.SZ,2012-06-13,8.68,8.69,8.46,8.58,8.53,0.05,0.59,63382.7,54247.9075,2023-08-01
002595.SZ,2012-06-13,17.82,18.15,17.82,18.0,17.83,0.17,0.95,7058.77,12715.6437,2023-08-01
600288.SH,2012-06-13,6.84,6.91,6.74,6.83,6.83,0.0,0.0,93364.81,63683.284,2023-08-01
002169.SZ,2012-06-13,6.36,6.5,6.28,6.47,6.33,0.14,2.21,37615.85,24084.3895,2023-08-01
300297.SZ,2012-06-13,20.02,20.6,19.8,20.49,20.33,0.16,0.79,14710.56,29839.2139,2023-08-01
300064.SZ,2012-06-13,7.87,7.93,7.79,7.92,7.85,0.07,0.89,36763.29,28910.9512,2023-08-01
000633.SZ,2012-06-13,7.1,7.18,7.01,7.16,7.06,0.1,1.42,5883.69,4179.8738,2023-08-01
000698.SZ,2012-06-13,5.23,5.33,5.21,5.32,5.25,0.07,1.33,31701.89,16756.2491,2023-08-01
300087.SZ,2012-06-13,15.07,15.13,14.8,15.08,15.0,0.08,0.53,42124.67,63146.6798,2023-08-01
601158.SH,2012-06-13,6.07,6.14,6.07,6.14,6.07,0.07,1.15,50184.41,30694.77,2023-08-01
600873.SH,2012-06-13,6.4,6.55,6.39,6.53,6.38,0.15,2.35,43118.07,27976.212,2023-08-01
002528.SZ,2012-06-13,13.42,14.47,13.42,14.21,13.41,0.8,5.97,41331.8,58211.5804,2023-08-01
600734.SH,2012-06-13,4.05,4.08,4.01,4.07,4.03,0.04,0.99,13731.73,5565.678,2023-08-01
300165.SZ,2012-06-13,19.9,20.98,19.81,20.52,20.08,0.44,2.19,18682.41,38441.5125,2023-08-01
300011.SZ,2012-06-13,11.93,12.1,11.8,12.06,11.84,0.22,1.86,11579.47,13883.1157,2023-08-01
601003.SH,2012-06-13,3.39,3.43,3.38,3.42,3.39,0.03,0.89,11601.92,3952.118,2023-08-01
600075.SH,2012-06-13,7.76,7.86,7.72,7.8,7.69,0.11,1.43,25911.14,20160.35,2023-08-01
002673.SZ,2012-06-13,17.0,18.48,16.91,18.41,16.8,1.61,9.58,598667.31,1081382.0302,2023-08-01
002126.SZ,2012-06-13,6.45,6.54,6.32,6.52,6.43,0.09,1.4,13445.37,8673.1618,2023-08-01
000600.SZ,2012-06-13,4.17,4.56,4.14,4.44,4.17,0.27,6.47,124600.57,55087.9635,2023-08-01
601126.SH,2012-06-13,14.85,15.15,14.71,15.13,14.84,0.29,1.95,10729.24,16039.339,2023-08-01
300047.SZ,2012-06-13,11.46,11.72,11.44,11.64,11.48,0.16,1.39,6854.16,7943.4541,2023-08-01
600825.SH,2012-06-13,6.33,6.42,6.32,6.39,6.33,0.06,0.95,61109.94,38927.313,2023-08-01
600854.SH,2012-06-13,4.65,4.76,4.63,4.74,4.65,0.09,1.94,29164.58,13707.836,2023-08-01
603366.SH,2012-06-13,20.3,20.82,20.0,20.72,20.15,0.57,2.83,60274.5,123634.902,2023-08-01
000869.SZ,2012-06-13,90.52,92.04,90.52,92.0,90.49,1.51,1.67,15412.71,141068.3895,2023-08-01
000625.SZ,2012-06-13,5.55,5.63,5.49,5.6,5.53,0.07,1.27,152284.77,85019.922,2023-08-01
300075.SZ,2012-06-13,19.88,20.2,19.71,20.2,19.83,0.37,1.87,2880.18,5753.1279,2023-08-01
002555.SZ,2012-06-13,10.44,10.84,10.44,10.63,10.46,0.17,1.63,4212.11,4470.5426,2023-08-01
000819.SZ,2012-06-13,14.35,14.44,14.13,14.27,14.34,-0.07,-0.49,18005.9,25670.8083,2023-08-01
002210.SZ,2012-06-13,5.47,5.62,5.45,5.6,5.48,0.12,2.19,16483.41,9143.1663,2023-08-01
002487.SZ,2012-06-13,10.92,11.18,10.92,11.14,10.98,0.16,1.46,2906.5,3230.8835,2023-08-01
600028.SH,2012-06-13,6.49,6.5,6.39,6.46,6.48,-0.02,-0.31,419339.63,269713.428,2023-08-01
300055.SZ,2012-06-13,25.35,26.27,25.34,25.88,25.35,0.53,2.09,76444.3,197388.7525,2023-08-01
600322.SH,2012-06-13,3.9,3.94,3.86,3.94,3.89,0.05,1.29,154144.28,60310.422,2023-08-01
002370.SZ,2012-06-13,8.41,8.57,8.31,8.56,8.38,0.18,2.15,17924.54,15228.1983,2023-08-01
000987.SZ,2012-06-13,14.52,14.75,14.51,14.74,14.5,0.24,1.66,13359.71,19594.8021,2023-08-01
600803.SH,2012-06-13,10.15,10.49,10.12,10.46,10.12,0.34,3.36,19797.91,20441.147,2023-08-01
002308.SZ,2012-06-13,9.76,9.77,9.54,9.72,9.7,0.02,0.21,22337.7,21560.8971,2023-08-01
000966.SZ,2012-06-13,4.28,4.42,4.24,4.38,4.28,0.1,2.34,66614.68,29074.1317,2023-08-01
600644.SH,2012-06-13,9.3,9.58,9.3,9.47,9.29,0.18,1.94,81279.69,76925.344,2023-08-01
002069.SZ,2012-06-13,20.66,21.8,20.66,21.73,20.61,1.12,5.43,60623.49,130148.2068,2023-08-01
002288.SZ,2012-06-13,11.57,11.66,11.42,11.65,11.51,0.14,1.22,34717.2,40162.5539,2023-08-01
600695.SH,2012-06-13,5.0,5.11,5.0,5.09,5.03,0.06,1.19,15919.48,8060.189,2023-08-01
002653.SZ,2012-06-13,23.55,26.02,23.12,26.02,23.65,2.37,10.02,50275.5,123709.0491,2023-08-01
000948.SZ,2012-06-13,8.7,8.7,8.53,8.67,8.64,0.03,0.35,18211.43,15733.1082,2023-08-01
300210.SZ,2012-06-13,13.5,13.83,13.45,13.83,13.5,0.33,2.44,3944.71,5390.7536,2023-08-01
300246.SZ,2012-06-13,28.4,28.68,28.0,28.65,28.08,0.57,2.03,4437.41,12583.2171,2023-08-01
000425.SZ,2012-06-13,14.75,14.95,14.6,14.91,14.7,0.21,1.43,84785.61,125724.5502,2023-08-01
601999.SH,2012-06-13,7.6,7.68,7.56,7.68,7.56,0.12,1.59,14661.58,11208.478,2023-08-01
300014.SZ,2012-06-13,14.2,14.3,13.93,14.28,14.15,0.13,0.92,32544.34,46069.3261,2023-08-01
000719.SZ,2012-06-13,10.75,10.98,10.69,10.9,10.71,0.19,1.77,21398.78,23252.3119,2023-08-01
300263.SZ,2012-06-13,11.67,12.65,11.6,12.3,11.56,0.74,6.4,27590.37,33681.3501,2023-08-01
000063.SZ,2012-06-13,14.36,14.59,14.19,14.55,14.31,0.24,1.68,171636.34,247311.5402,2023-08-01
002325.SZ,2012-06-13,15.75,16.19,15.4,16.0,15.6,0.4,2.56,106589.17,168202.2832,2023-08-01
600283.SH,2012-06-13,10.6,10.65,10.53,10.65,10.52,0.13,1.24,19021.88,20175.008,2023-08-01
000031.SZ,2012-06-13,4.91,4.95,4.84,4.92,4.93,-0.01,-0.2,148746.96,72888.0236,2023-08-01
300187.SZ,2012-06-13,26.7,27.15,26.04,26.79,26.64,0.15,0.56,57051.67,152102.8468,2023-08-01
002242.SZ,2012-06-13,7.52,7.61,7.45,7.57,7.47,0.1,1.34,14370.7,10830.6215,2023-08-01
600090.SH,2012-06-13,9.37,9.5,9.3,9.46,9.29,0.17,1.83,65774.77,61999.455,2023-08-01
002391.SZ,2012-06-13,15.05,15.5,14.85,15.3,15.11,0.19,1.26,17961.5,27129.0187,2023-08-01
600208.SH,2012-06-13,4.59,4.68,4.48,4.57,4.46,0.11,2.47,364616.9,166301.206,2023-08-01
000001.SZ,2012-06-13,14.58,14.91,14.5,14.84,14.53,0.31,2.13,260116.62,383736.0968,2023-08-01
000720.SZ,2012-06-13,2.28,2.35,2.27,2.35,2.29,0.06,2.62,51464.88,11995.2946,2023-08-01
000428.SZ,2012-06-13,5.1,5.17,5.09,5.15,5.09,0.06,1.18,26431.16,13552.9433,2023-08-01
300163.SZ,2012-06-13,14.43,14.7,14.38,14.69,14.37,0.32,2.23,2571.08,3747.9083,2023-08-01
300032.SZ,2012-06-13,18.6,19.17,18.4,19.09,18.64,0.45,2.41,7859.77,14943.4895,2023-08-01
300034.SZ,2012-06-13,16.28,16.53,16.08,16.42,16.23,0.19,1.17,13643.18,22270.2172,2023-08-01
600790.SH,2012-06-13,7.3,7.56,7.3,7.47,7.29,0.18,2.47,99022.69,73834.634,2023-08-01
300170.SZ,2012-06-13,16.95,17.09,16.94,17.0,16.8,0.2,1.19,6620.94,11268.359,2023-08-01
600861.SH,2012-06-13,7.02,7.08,6.98,7.07,7.01,0.06,0.86,9238.18,6505.69,2023-08-01
002152.SZ,2012-06-13,15.5,15.68,15.48,15.57,15.49,0.08,0.52,18353.39,28590.5682,2023-08-01
600745.SH,2012-06-13,10.6,11.03,10.58,10.98,10.62,0.36,3.39,71699.38,78009.632,2023-08-01
300042.SZ,2012-06-13,9.7,9.79,9.61,9.75,9.63,0.12,1.25,5029.34,4883.4982,2023-08-01
000533.SZ,2012-06-13,4.36,4.44,4.36,4.43,4.35,0.08,1.84,22359.85,9846.7759,2023-08-01
000503.SZ,2012-06-13,5.66,5.72,5.59,5.7,5.61,0.09,1.6,41779.0,23673.8528,2023-08-01
002171.SZ,2012-06-13,11.21,11.35,11.17,11.34,11.2,0.14,1.25,12696.89,14350.9297,2023-08-01
600768.SH,2012-06-13,7.78,7.85,7.65,7.83,7.73,0.1,1.29,18880.17,14632.784,2023-08-01
600540.SH,2012-06-13,6.91,7.02,6.88,7.0,6.93,0.07,1.01,23025.55,15993.093,2023-08-01
600355.SH,2012-06-13,4.66,4.77,4.66,4.74,4.66,0.08,1.72,10657.04,5028.696,2023-08-01
601636.SH,2012-06-13,8.09,8.31,7.88,8.19,8.09,0.1,1.24,72636.01,58618.492,2023-08-01
600106.SH,2012-06-13,4.22,4.38,4.21,4.36,4.23,0.13,3.07,128251.21,55076.848,2023-08-01
300083.SZ,2012-06-13,11.31,11.52,11.11,11.5,11.28,0.22,1.95,4527.42,5146.6537,2023-08-01
002333.SZ,2012-06-13,11.16,11.37,11.09,11.36,11.13,0.23,2.07,14074.11,15865.7631,2023-08-01
600530.SH,2012-06-13,7.4,7.5,7.3,7.48,7.38,0.1,1.36,9800.53,7289.709,2023-08-01
000100.SZ,2012-06-13,2.09,2.11,2.08,2.11,2.09,0.02,0.96,585541.05,122681.8715,2023-08-01
601012.SH,2012-06-13,16.95,17.15,16.95,17.14,16.98,0.16,0.94,5459.8,9315.816,2023-08-01
000418.SZ,2012-06-13,9.68,9.9,9.64,9.88,9.65,0.23,2.38,52692.55,51559.5845,2023-08-01
002158.SZ,2012-06-13,10.48,10.85,10.44,10.78,10.43,0.35,3.36,8701.87,9271.4436,2023-08-01
300003.SZ,2012-06-13,13.07,13.24,13.0,13.18,12.99,0.19,1.46,28946.3,38073.8872,2023-08-01
002134.SZ,2012-06-13,6.24,6.4,6.24,6.37,6.24,0.13,2.08,13673.81,8669.8108,2023-08-01
600681.SH,2012-06-13,3.91,3.97,3.88,3.93,3.92,0.01,0.26,46495.2,18226.844,2023-08-01
600449.SH,2012-06-13,10.83,10.98,10.7,10.93,10.8,0.13,1.2,38596.69,41953.59,2023-08-01
600487.SH,2012-06-13,20.44,20.72,20.3,20.66,20.29,0.37,1.82,11743.84,24158.501,2023-08-01
300264.SZ,2012-06-13,12.78,13.14,12.78,12.94,12.74,0.2,1.57,36348.04,47002.7966,2023-08-01
002619.SZ,2012-06-13,11.68,11.86,11.56,11.82,11.68,0.14,1.2,11745.71,13772.5731,2023-08-01
002471.SZ,2012-06-13,12.85,13.09,12.85,13.09,12.87,0.22,1.71,9459.67,12318.1268,2023-08-01
600132.SH,2012-06-13,22.91,23.06,22.6,23.04,22.9,0.14,0.61,91694.97,209871.977,2023-08-01
600838.SH,2012-06-13,5.58,5.71,5.58,5.7,5.59,0.11,1.97,14623.83,8263.632,2023-08-01
000638.SZ,2012-06-13,7.24,7.3,7.07,7.19,7.24,-0.05,-0.69,23895.44,17143.382,2023-08-01
000971.SZ,2012-06-13,4.04,4.29,4.01,4.25,4.09,0.16,3.91,31277.91,12901.255,2023-08-01
300065.SZ,2012-06-13,10.92,11.07,10.85,11.04,10.88,0.16,1.47,3339.58,3669.6368,2023-08-01
002340.SZ,2012-06-13,13.03,13.61,13.03,13.38,13.11,0.27,2.06,221570.66,296525.6322,2023-08-01
002044.SZ,2012-06-13,9.0,9.22,8.99,9.18,9.01,0.17,1.89,7372.81,6723.3871,2023-08-01
300139.SZ,2012-06-13,29.7,30.15,29.2,29.65,29.35,0.3,1.02,5911.62,17556.9043,2023-08-01
002320.SZ,2012-06-13,10.22,10.34,10.18,10.34,10.19,0.15,1.47,7321.43,7528.1869,2023-08-01
002596.SZ,2012-06-13,11.83,11.9,11.61,11.85,11.83,0.02,0.17,8575.59,10094.863,2023-08-01
000558.SZ,2012-06-13,5.35,5.42,5.27,5.38,5.34,0.04,0.75,113141.17,60412.4596,2023-08-01
600979.SH,2012-06-13,4.48,4.63,4.47,4.61,4.46,0.15,3.36,130265.17,59517.774,2023-08-01
002281.SZ,2012-06-13,25.8,26.58,25.3,26.02,25.81,0.21,0.81,26608.05,68873.5336,2023-08-01
002313.SZ,2012-06-13,23.9,24.5,23.9,24.32,23.93,0.39,1.63,11291.98,27375.9648,2023-08-01
600097.SH,2012-06-13,10.58,10.98,10.53,10.93,10.53,0.4,3.8,28885.88,31210.918,2023-08-01
300079.SZ,2012-06-13,15.21,15.53,15.0,15.39,15.21,0.18,1.18,19341.85,29769.5189,2023-08-01
002262.SZ,2012-06-13,22.73,23.45,22.71,23.18,22.68,0.5,2.2,15196.14,35215.4573,2023-08-01
000978.SZ,2012-06-13,7.9,8.1,7.9,8.05,7.9,0.15,1.9,34280.72,27467.6823,2023-08-01
600099.SH,2012-06-13,6.1,6.23,6.09,6.2,6.14,0.06,0.98,7095.08,4376.801,2023-08-01
600482.SH,2012-06-13,9.35,9.45,9.27,9.42,9.29,0.13,1.4,25618.09,24036.343,2023-08-01
000957.SZ,2012-06-13,7.33,7.51,7.32,7.5,7.34,0.16,2.18,22433.69,16653.8072,2023-08-01
000816.SZ,2012-06-13,6.06,6.06,5.92,5.99,6.0,-0.01,-0.17,125260.0,74941.7962,2023-08-01
600863.SH,2012-06-13,7.87,8.3,7.81,8.15,7.85,0.3,3.82,140553.94,113639.348,2023-08-01
000034.SZ,2012-06-13,5.05,5.08,4.98,5.07,5.02,0.05,1.0,24755.96,12469.8197,2023-08-01
002250.SZ,2012-06-13,16.42,17.05,16.35,16.96,16.32,0.64,3.92,42795.94,72313.235,2023-08-01
600966.SH,2012-06-13,5.36,5.45,5.34,5.44,5.36,0.08,1.49,17017.29,9198.735,2023-08-01
300308.SZ,2012-06-13,18.64,19.08,18.64,19.03,18.63,0.4,2.15,5168.21,9776.2742,2023-08-01
002327.SZ,2012-06-13,43.3,45.5,43.29,45.49,43.4,2.09,4.82,9947.69,44549.002,2023-08-01
002324.SZ,2012-06-13,12.66,13.16,12.66,13.08,12.85,0.23,1.79,18736.57,24438.0498,2023-08-01
002088.SZ,2012-06-13,9.9,10.01,9.78,10.0,9.88,0.12,1.21,7115.14,7062.5447,2023-08-01
600893.SH,2012-06-13,13.91,13.99,13.61,13.87,13.87,0.0,0.0,87765.13,120600.178,2023-08-01
600601.SH,2012-06-13,2.64,2.66,2.62,2.66,2.63,0.03,1.14,37659.67,9956.089,2023-08-01
600766.SH,2012-06-13,11.48,11.53,10.83,10.84,11.4,-0.56,-4.91,67320.87,74822.261,2023-08-01
000921.SZ,2012-06-13,4.1,4.13,4.06,4.11,4.09,0.02,0.49,14209.55,5831.8204,2023-08-01
000070.SZ,2012-06-13,7.12,7.29,7.12,7.27,7.13,0.14,1.96,11406.04,8242.2613,2023-08-01
600815.SH,2012-06-13,9.74,10.07,9.61,9.95,9.69,0.26,2.68,289028.71,285815.184,2023-08-01
000501.SZ,2012-06-13,13.61,14.42,13.53,14.37,13.67,0.7,5.12,50653.9,71518.7515,2023-08-01
000655.SZ,2012-06-13,12.57,12.72,12.52,12.71,12.54,0.17,1.36,16848.24,21291.8519,2023-08-01
000517.SZ,2012-06-13,7.39,7.52,7.31,7.45,7.39,0.06,0.81,97118.91,71974.5231,2023-08-01
002413.SZ,2012-06-13,8.45,8.66,8.37,8.65,8.37,0.28,3.35,20720.94,17753.5348,2023-08-01
601567.SH,2012-06-13,14.26,14.46,14.18,14.42,14.25,0.17,1.19,6627.87,9529.442,2023-08-01
600961.SH,2012-06-13,11.13,11.3,10.91,11.18,11.09,0.09,0.81,84332.76,93757.152,2023-08-01
600846.SH,2012-06-13,5.01,5.11,5.0,5.1,5.01,0.09,1.8,63590.34,32251.006,2023-08-01
600870.SH,2012-06-13,4.09,4.09,3.99,4.07,4.08,-0.01,-0.25,14137.01,5721.201,2023-08-01
300164.SZ,2012-06-13,14.34,14.96,14.18,14.94,14.4,0.54,3.75,4454.99,6526.5174,2023-08-01
600696.SH,2012-06-13,10.02,10.94,9.88,10.63,10.0,0.63,6.3,854420.18,875558.685,2023-08-01
600708.SH,2012-06-13,4.7,4.76,4.66,4.73,4.69,0.04,0.85,12277.14,5800.372,2023-08-01
600232.SH,2012-06-13,5.7,5.79,5.7,5.76,5.69,0.07,1.23,21449.29,12336.638,2023-08-01
002265.SZ,2012-06-13,6.68,6.7,6.58,6.66,6.6,0.06,0.91,9506.84,6326.8478,2023-08-01
002243.SZ,2012-06-13,8.07,8.12,7.98,8.11,7.99,0.12,1.5,10589.4,8534.8393,2023-08-01
600418.SH,2012-06-13,6.07,6.17,6.02,6.13,6.04,0.09,1.49,72230.26,44136.582,2023-08-01
300062.SZ,2012-06-13,9.28,9.39,9.21,9.38,9.27,0.11,1.19,3768.9,3514.4566,2023-08-01
600248.SH,2012-06-13,7.16,7.27,7.11,7.25,7.12,0.13,1.83,10022.42,7226.321,2023-08-01
300160.SZ,2012-06-13,11.07,11.22,11.06,11.2,11.01,0.19,1.73,9064.81,10104.6096,2023-08-01
600532.SH,2012-06-13,8.08,8.32,8.08,8.22,8.15,0.07,0.86,19812.44,16399.617,2023-08-01
002574.SZ,2012-06-13,18.58,18.85,18.51,18.75,18.42,0.33,1.79,15368.69,28769.3364,2023-08-01
600982.SH,2012-06-13,9.85,10.09,9.85,10.04,9.86,0.18,1.83,5226.65,5223.169,2023-08-01
000776.SZ,2012-06-13,31.68,32.67,31.45,32.33,31.45,0.88,2.8,101761.77,327406.348,2023-08-01
001896.SZ,2012-06-13,5.57,5.94,5.55,5.71,5.63,0.08,1.42,161267.81,93002.9848,2023-08-01
600319.SH,2012-06-13,6.3,6.49,6.18,6.43,6.31,0.12,1.9,50141.33,31767.733,2023-08-01
600157.SH,2012-06-13,10.55,10.71,10.36,10.67,10.46,0.21,2.01,180080.41,190391.555,2023-08-01
600350.SH,2012-06-13,3.64,3.69,3.63,3.68,3.64,0.04,1.1,56757.32,20780.959,2023-08-01
600069.SH,2012-06-13,6.2,6.25,6.1,6.24,6.16,0.08,1.3,45448.17,28136.752,2023-08-01
000851.SZ,2012-06-13,6.85,6.89,6.77,6.89,6.79,0.1,1.47,19639.32,13447.1555,2023-08-01
600213.SH,2012-06-13,7.36,7.42,7.26,7.41,7.27,0.14,1.93,6759.59,4963.042,2023-08-01
000504.SZ,2012-06-13,5.91,6.11,5.91,6.07,5.94,0.13,2.19,16945.33,10235.6124,2023-08-01
002380.SZ,2012-06-13,23.36,23.79,23.3,23.65,23.23,0.42,1.81,2583.91,6095.9375,2023-08-01
000018.SZ,2012-06-13,5.96,6.25,5.96,6.24,5.99,0.25,4.17,7243.09,4436.2676,2023-08-01
002264.SZ,2012-06-13,8.12,8.19,8.02,8.1,8.1,0.0,0.0,78286.7,63372.015,2023-08-01
002405.SZ,2012-06-13,13.6,14.08,13.42,14.08,13.68,0.4,2.92,102018.47,140796.2173,2023-08-01
000409.SZ,2012-06-13,5.96,6.05,5.88,5.98,5.97,0.01,0.17,12031.56,7167.256,2023-08-01
600171.SH,2012-06-13,6.27,6.46,6.27,6.43,6.26,0.17,2.72,34700.31,22181.033,2023-08-01
600488.SH,2012-06-13,5.57,5.61,5.52,5.6,5.54,0.06,1.08,14911.54,8331.411,2023-08-01
000060.SZ,2012-06-13,9.09,9.21,9.05,9.16,9.04,0.12,1.33,63929.46,58419.2976,2023-08-01
600595.SH,2012-06-13,6.16,6.19,6.09,6.18,6.11,0.07,1.15,26094.06,16040.111,2023-08-01
002386.SZ,2012-06-13,8.04,8.17,8.0,8.15,8.03,0.12,1.49,10753.44,8705.4625,2023-08-01
002563.SZ,2012-06-13,28.14,29.11,27.77,28.66,27.99,0.67,2.39,22765.68,64902.4363,2023-08-01
002539.SZ,2012-06-13,11.15,11.34,11.05,11.32,11.07,0.25,2.26,15962.04,17933.2427,2023-08-01
300173.SZ,2012-06-13,9.19,9.31,9.19,9.3,9.22,0.08,0.87,14234.91,13180.6579,2023-08-01
600823.SH,2012-06-13,12.14,12.32,12.05,12.27,12.13,0.14,1.15,14360.63,17530.729,2023-08-01
002628.SZ,2012-06-13,10.88,11.08,10.87,11.06,10.87,0.19,1.75,19260.9,21222.8898,2023-08-01
000663.SZ,2012-06-13,8.85,9.05,8.53,9.04,9.01,0.03,0.33,170396.5,149684.5813,2023-08-01
600249.SH,2012-06-13,5.17,5.28,5.15,5.27,5.16,0.11,2.13,16514.21,8634.757,2023-08-01
002483.SZ,2012-06-13,12.23,12.38,12.11,12.3,12.17,0.13,1.07,8680.99,10635.274,2023-08-01
002512.SZ,2012-06-13,14.25,14.5,14.25,14.42,14.21,0.21,1.48,10275.18,14795.6065,2023-08-01
600645.SH,2012-06-13,23.3,23.39,22.95,23.28,23.24,0.04,0.17,14032.11,32460.303,2023-08-01
002107.SZ,2012-06-13,10.1,10.23,9.99,10.19,10.09,0.1,0.99,21753.07,22075.6183,2023-08-01
300291.SZ,2012-06-13,56.98,58.38,56.72,57.82,57.15,0.67,1.17,6763.86,38972.5657,2023-08-01
601106.SH,2012-06-13,3.37,3.41,3.35,3.4,3.37,0.03,0.89,135323.76,45801.479,2023-08-01
600510.SH,2012-06-13,7.3,7.45,7.26,7.35,7.3,0.05,0.68,30394.9,22366.175,2023-08-01
600110.SH,2012-06-13,4.2,4.25,4.18,4.25,4.19,0.06,1.43,64531.02,27251.062,2023-08-01
000949.SZ,2012-06-13,3.22,3.26,3.19,3.25,3.22,0.03,0.93,30784.2,9950.35,2023-08-01
000407.SZ,2012-06-13,6.59,6.95,6.54,6.87,6.57,0.3,4.57,136225.22,92218.5874,2023-08-01
600622.SH,2012-06-13,6.79,6.85,6.65,6.81,6.76,0.05,0.74,124324.15,84048.032,2023-08-01
000959.SZ,2012-06-13,3.06,3.1,3.04,3.09,3.06,0.03,0.98,102163.69,31429.5447,2023-08-01
300043.SZ,2012-06-13,15.23,15.63,15.0,15.58,15.38,0.2,1.3,4621.43,7082.2612,2023-08-01
600035.SH,2012-06-13,3.34,3.37,3.33,3.36,3.33,0.03,0.9,18051.3,6054.471,2023-08-01
002338.SZ,2012-06-13,21.43,21.94,21.43,21.65,21.27,0.38,1.79,2502.38,5436.5737,2023-08-01
002670.SZ,2012-06-13,7.92,8.1,7.92,8.08,7.91,0.17,2.15,15914.31,12795.6774,2023-08-01
600963.SH,2012-06-13,4.53,4.58,4.51,4.58,4.51,0.07,1.55,46887.92,21357.451,2023-08-01
002278.SZ,2012-06-13,11.36,11.63,11.32,11.57,11.36,0.21,1.85,21311.28,24530.3051,2023-08-01
600779.SH,2012-06-13,24.89,25.69,24.83,25.59,24.94,0.65,2.61,69696.22,176888.5,2023-08-01
002201.SZ,2012-06-13,7.28,7.33,7.2,7.32,7.25,0.07,0.97,7633.46,5559.6664,2023-08-01
000990.SZ,2012-06-13,7.28,7.38,7.25,7.34,7.27,0.07,0.96,15590.85,11417.1679,2023-08-01
600856.SH,2012-06-13,4.21,4.27,4.2,4.27,4.21,0.06,1.43,18327.25,7778.606,2023-08-01
601222.SH,2012-06-13,9.85,10.06,9.81,10.05,9.82,0.23,2.34,13481.43,13431.588,2023-08-01
002373.SZ,2012-06-13,13.18,13.36,13.18,13.32,13.17,0.15,1.14,6201.67,8229.9625,2023-08-01
600512.SH,2012-06-13,3.16,3.22,3.13,3.21,3.14,0.07,2.23,62314.13,19835.444,2023-08-01
300089.SZ,2012-06-13,8.73,8.99,8.73,8.93,8.75,0.18,2.06,5749.09,5090.7868,2023-08-01
600459.SH,2012-06-13,18.4,18.86,18.34,18.77,18.32,0.45,2.46,9823.33,18308.759,2023-08-01
600303.SH,2012-06-13,5.26,5.35,5.22,5.34,5.26,0.08,1.52,129799.25,68493.952,2023-08-01
300038.SZ,2012-06-13,8.65,8.78,8.62,8.76,8.65,0.11,1.27,9748.52,8498.3545,2023-08-01
600290.SH,2012-06-13,6.79,6.94,6.79,6.92,6.79,0.13,1.91,37487.87,25765.653,2023-08-01
002580.SZ,2012-06-13,13.61,14.0,13.6,13.83,13.65,0.18,1.32,17256.14,23946.8053,2023-08-01
603333.SH,2012-06-13,9.72,9.87,9.71,9.86,9.69,0.17,1.75,25705.43,25253.954,2023-08-01
300005.SZ,2012-06-13,17.82,18.19,17.6,18.06,17.66,0.4,2.27,26807.22,48043.287,2023-08-01
600702.SH,2012-06-13,31.0,32.0,30.9,31.79,31.09,0.7,2.25,49225.85,155571.962,2023-08-01
300322.SZ,2012-06-13,13.95,14.38,13.81,14.25,13.9,0.35,2.52,40784.44,57582.7417,2023-08-01
000007.SZ,2012-06-13,15.0,15.9,15.0,15.75,14.93,0.82,5.49,39449.74,61363.3355,2023-08-01
600895.SH,2012-06-13,8.35,8.75,8.34,8.67,8.31,0.36,4.33,150053.84,129083.749,2023-08-01
002046.SZ,2012-06-13,17.2,17.25,16.85,17.25,17.05,0.2,1.17,9655.22,16518.243,2023-08-01
300200.SZ,2012-06-13,13.4,13.49,13.23,13.45,13.3,0.15,1.13,1684.36,2253.2914,2023-08-01
600305.SH,2012-06-13,11.9,12.1,11.85,12.04,11.88,0.16,1.35,9199.09,11037.367,2023-08-01
300222.SZ,2012-06-13,14.16,15.09,14.01,14.52,14.1,0.42,2.98,4919.31,7140.3585,2023-08-01
000733.SZ,2012-06-13,6.8,6.89,6.75,6.86,6.76,0.1,1.48,11730.49,8010.6806,2023-08-01
000159.SZ,2012-06-13,8.65,8.76,8.64,8.76,8.67,0.09,1.04,20693.49,18031.797,2023-08-01
002456.SZ,2012-06-13,27.94,28.46,27.71,28.21,27.97,0.24,0.86,29682.41,83441.1656,2023-08-01
000900.SZ,2012-06-13,14.86,15.04,14.8,15.02,14.83,0.19,1.28,18466.15,27618.8391,2023-08-01
600500.SH,2012-06-13,6.9,7.12,6.86,7.11,6.86,0.25,3.64,45473.31,31864.24,2023-08-01
002191.SZ,2012-06-13,10.56,10.56,10.23,10.4,10.5,-0.1,-0.95,66974.7,69439.9049,2023-08-01
300279.SZ,2012-06-13,8.95,9.1,8.68,9.03,9.0,0.03,0.33,44438.38,39686.0126,2023-08-01
300258.SZ,2012-06-13,13.88,14.23,13.82,14.12,13.84,0.28,2.02,8624.41,12163.6894,2023-08-01
600271.SH,2012-06-13,19.2,19.5,19.15,19.37,19.23,0.14,0.73,53226.26,102791.132,2023-08-01
000977.SZ,2012-06-13,16.2,16.34,15.96,16.3,16.14,0.16,0.99,22117.58,35832.7114,2023-08-01
600218.SH,2012-06-13,14.05,14.05,13.74,13.9,13.89,0.01,0.07,20811.73,28808.676,2023-08-01
000926.SZ,2012-06-13,10.49,10.6,10.38,10.5,10.49,0.01,0.1,59275.41,62141.2374,2023-08-01
601398.SH,2012-06-13,4.17,4.21,4.17,4.2,4.17,0.03,0.72,730889.7,305618.835,2023-08-01
002167.SZ,2012-06-13,18.1,18.56,17.75,18.5,18.1,0.4,2.21,43489.83,78640.74,2023-08-01
000683.SZ,2012-06-13,6.35,6.35,6.21,6.33,6.28,0.05,0.8,34866.48,21953.7732,2023-08-01
600053.SH,2012-06-13,7.24,7.25,7.1,7.21,7.19,0.02,0.28,13588.64,9775.543,2023-08-01
002282.SZ,2012-06-13,9.66,9.77,9.63,9.74,9.6,0.14,1.46,5182.51,5028.4035,2023-08-01
600016.SH,2012-06-13,6.05,6.11,6.02,6.1,6.03,0.07,1.16,802426.79,487440.396,2023-08-01
002459.SZ,2012-06-13,9.21,9.5,9.05,9.45,9.2,0.25,2.72,32050.33,29797.3447,2023-08-01
600573.SH,2012-06-13,8.04,8.25,8.03,8.24,8.04,0.2,2.49,34536.66,28151.609,2023-08-01
002461.SZ,2012-06-13,11.65,11.88,11.55,11.76,11.68,0.08,0.68,36750.88,43045.2682,2023-08-01
300137.SZ,2012-06-13,16.3,17.25,16.22,16.75,16.16,0.59,3.65,137040.03,230294.035,2023-08-01
000906.SZ,2012-06-13,8.6,8.72,8.52,8.64,8.65,-0.01,-0.12,26940.72,23277.2157,2023-08-01
600122.SH,2012-06-13,4.6,4.67,4.53,4.65,4.58,0.07,1.53,81412.4,37531.665,2023-08-01
300325.SZ,2012-06-13,15.11,15.48,15.11,15.47,15.12,0.35,2.31,15306.54,23502.4537,2023-08-01
002319.SZ,2012-06-13,11.69,11.87,11.53,11.81,11.69,0.12,1.03,4755.32,5587.2006,2023-08-01
601099.SH,2012-06-13,7.35,7.64,7.32,7.53,7.31,0.22,3.01,318373.56,238391.88,2023-08-01
000543.SZ,2012-06-13,5.85,6.41,5.85,6.41,5.83,0.58,9.95,335228.28,210572.8612,2023-08-01
600570.SH,2012-06-13,14.02,14.55,14.02,14.5,14.02,0.48,3.42,36866.81,52931.156,2023-08-01
000700.SZ,2012-06-13,5.72,5.82,5.72,5.8,5.73,0.07,1.22,8335.81,4816.6602,2023-08-01
300229.SZ,2012-06-13,12.59,12.78,12.48,12.73,12.6,0.13,1.03,3594.01,4546.2215,2023-08-01
000547.SZ,2012-06-13,5.68,5.78,5.62,5.77,5.67,0.1,1.76,51650.56,29534.5218,2023-08-01
601678.SH,2012-06-13,11.25,11.34,11.08,11.33,11.17,0.16,1.43,23676.99,26616.348,2023-08-01
000550.SZ,2012-06-13,23.45,24.0,23.45,23.92,23.58,0.34,1.44,13132.45,31329.7754,2023-08-01
300012.SZ,2012-06-13,20.86,22.0,20.71,21.67,21.09,0.58,2.75,20998.3,45118.8905,2023-08-01
002558.SZ,2012-06-13,22.45,22.98,22.4,22.78,22.42,0.36,1.61,2466.52,5598.4655,2023-08-01
300080.SZ,2012-06-13,7.02,7.11,6.95,7.07,6.98,0.09,1.29,34946.56,24620.2173,2023-08-01
002416.SZ,2012-06-13,7.77,7.91,7.77,7.89,7.77,0.12,1.54,23722.88,18608.3667,2023-08-01
002131.SZ,2012-06-13,12.37,12.75,12.37,12.6,12.36,0.24,1.94,18886.58,23760.8867,2023-08-01
300046.SZ,2012-06-13,11.96,12.1,11.8,12.1,11.85,0.25,2.11,5985.2,7175.4278,2023-08-01
601988.SH,2012-06-13,2.86,2.87,2.83,2.86,2.86,0.0,0.0,227640.92,64803.573,2023-08-01
002193.SZ,2012-06-13,8.85,8.94,8.75,8.93,8.79,0.14,1.59,4793.01,4247.9637,2023-08-01
600731.SH,2012-06-13,5.82,5.9,5.78,5.9,5.79,0.11,1.9,24696.51,14489.926,2023-08-01
600970.SH,2012-06-13,13.57,13.75,13.42,13.73,13.5,0.23,1.7,35515.06,48414.025,2023-08-01
002034.SZ,2012-06-13,11.69,12.86,11.65,12.86,11.69,1.17,10.01,30961.94,39124.3396,2023-08-01
600137.SH,2012-06-13,12.21,12.39,12.17,12.38,12.22,0.16,1.31,5275.59,6487.671,2023-08-01
002347.SZ,2012-06-13,15.25,15.33,15.1,15.33,15.1,0.23,1.52,3410.39,5198.4077,2023-08-01
600995.SH,2012-06-13,7.13,7.39,7.05,7.37,7.05,0.32,4.54,131762.82,96135.416,2023-08-01
600152.SH,2012-06-13,6.77,7.63,6.74,7.56,6.94,0.62,8.93,246831.09,178584.34,2023-08-01
600148.SH,2012-06-13,9.0,9.11,8.92,9.09,8.98,0.11,1.22,6118.17,5516.455,2023-08-01
002203.SZ,2012-06-13,7.95,8.15,7.93,8.12,7.91,0.21,2.65,25608.35,20697.1481,2023-08-01
600119.SH,2012-06-13,6.6,6.77,6.5,6.75,6.56,0.19,2.9,32447.71,21641.089,2023-08-01
002356.SZ,2012-06-13,17.9,18.18,17.56,17.94,17.92,0.02,0.11,2047.69,3686.3206,2023-08-01
000571.SZ,2012-06-13,4.83,4.91,4.76,4.91,4.79,0.12,2.51,44937.49,21777.6916,2023-08-01
002437.SZ,2012-06-13,18.25,18.56,17.89,18.51,18.03,0.48,2.66,12998.14,23792.51,2023-08-01
002527.SZ,2012-06-13,13.09,13.22,12.89,13.19,12.97,0.22,1.7,6056.4,7958.1263,2023-08-01
002550.SZ,2012-06-13,20.84,21.17,20.8,21.13,20.78,0.35,1.68,8629.79,18141.5275,2023-08-01
300250.SZ,2012-06-13,13.78,14.72,13.78,14.38,13.79,0.59,4.28,16497.83,23557.0934,2023-08-01
600191.SH,2012-06-13,5.83,5.95,5.74,5.94,5.8,0.14,2.41,39151.54,22954.607,2023-08-01
300243.SZ,2012-06-13,18.81,19.48,18.6,19.39,18.85,0.54,2.86,6354.83,12238.0188,2023-08-01
002063.SZ,2012-06-13,13.43,13.85,13.33,13.71,13.47,0.24,1.78,28714.41,38964.9497,2023-08-01
000513.SZ,2012-06-13,26.2,26.56,25.9,26.55,26.14,0.41,1.57,15524.0,40801.7199,2023-08-01
002090.SZ,2012-06-13,8.53,8.98,8.46,8.76,8.52,0.24,2.82,24382.19,21306.5213,2023-08-01
000611.SZ,2012-06-13,4.51,4.69,4.49,4.64,4.5,0.14,3.11,90094.11,41458.1898,2023-08-01
002494.SZ,2012-06-13,13.16,13.57,13.16,13.5,13.16,0.34,2.58,7242.04,9704.6792,2023-08-01
000760.SZ,2012-06-13,5.59,5.62,5.54,5.56,5.55,0.01,0.18,17830.86,9948.745,2023-08-01
600718.SH,2012-06-13,7.88,8.03,7.83,8.02,7.86,0.16,2.04,28651.29,22758.905,2023-08-01
002246.SZ,2012-06-13,9.43,9.55,9.27,9.53,9.43,0.1,1.06,8711.41,8206.8929,2023-08-01
300228.SZ,2012-06-13,23.25,23.99,23.02,23.54,23.3,0.24,1.03,17199.18,40664.9643,2023-08-01
300054.SZ,2012-06-13,32.06,33.18,31.85,32.97,31.95,1.02,3.19,2390.41,7829.4387,2023-08-01
002329.SZ,2012-06-13,13.1,13.46,13.06,13.37,13.17,0.2,1.52,22460.91,29735.6057,2023-08-01
600198.SH,2012-06-13,11.21,11.49,11.18,11.45,11.21,0.24,2.14,25642.17,29026.724,2023-08-01
002683.SZ,2012-06-13,15.65,16.37,15.44,16.03,16.0,0.03,0.19,220702.89,351255.8711,2023-08-01
600479.SH,2012-06-13,10.8,11.44,10.8,11.4,10.77,0.63,5.85,69632.71,78311.501,2023-08-01
002259.SZ,2012-06-13,3.74,3.77,3.65,3.76,3.75,0.01,0.27,246761.77,91841.7623,2023-08-01
601890.SH,2012-06-13,8.11,8.18,8.03,8.16,8.09,0.07,0.87,44353.15,36014.307,2023-08-01
002277.SZ,2012-06-13,15.36,15.87,15.3,15.85,15.29,0.56,3.66,66411.29,103477.5741,2023-08-01
002434.SZ,2012-06-13,8.25,8.34,8.19,8.34,8.21,0.13,1.58,6781.89,5612.6557,2023-08-01
002504.SZ,2012-06-13,12.01,12.26,12.01,12.26,12.06,0.2,1.66,6151.26,7493.3087,2023-08-01
600880.SH,2012-06-13,10.05,10.26,10.0,10.22,9.99,0.23,2.3,35317.68,35930.061,2023-08-01
600590.SH,2012-06-13,7.3,7.39,7.27,7.39,7.28,0.11,1.51,24393.43,17935.887,2023-08-01
002216.SZ,2012-06-13,24.88,25.56,24.88,25.5,25.17,0.33,1.31,6968.13,17631.7414,2023-08-01
600655.SH,2012-06-13,8.26,8.35,8.2,8.33,8.24,0.09,1.09,31687.89,26263.629,2023-08-01
600054.SH,2012-06-13,14.37,14.69,14.3,14.62,14.37,0.25,1.74,18286.8,26567.143,2023-08-01
000963.SZ,2012-06-13,29.5,30.06,29.5,29.56,29.5,0.06,0.2,9568.26,28526.2819,2023-08-01
601101.SH,2012-06-13,18.12,18.32,17.82,18.31,18.09,0.22,1.22,60087.77,108484.43,2023-08-01
300145.SZ,2012-06-13,16.55,16.85,16.5,16.82,16.5,0.32,1.94,6365.85,10621.3782,2023-08-01
601058.SH,2012-06-13,9.48,9.65,9.37,9.64,9.48,0.16,1.69,25329.69,24111.166,2023-08-01
002188.SZ,2012-06-13,7.97,8.0,7.83,8.0,7.89,0.11,1.39,5446.7,4313.629,2023-08-01
300162.SZ,2012-06-13,15.0,15.41,14.91,15.32,14.85,0.47,3.17,28586.35,43506.6282,2023-08-01
002671.SZ,2012-06-13,27.21,28.3,26.82,28.11,27.12,0.99,3.65,13764.21,37973.7645,2023-08-01
600389.SH,2012-06-13,8.45,8.63,8.4,8.58,8.48,0.1,1.18,7330.57,6270.143,2023-08-01
600346.SH,2012-06-13,8.19,8.33,8.19,8.27,8.19,0.08,0.98,8404.6,6941.092,2023-08-01
300276.SZ,2012-06-13,14.65,14.99,14.65,14.99,14.73,0.26,1.77,4537.53,6760.735,2023-08-01
002286.SZ,2012-06-13,12.31,12.52,12.3,12.47,12.37,0.1,0.81,9626.04,11945.0871,2023-08-01
300108.SZ,2012-06-13,11.18,12.17,11.08,12.0,11.3,0.7,6.19,86080.98,101716.8643,2023-08-01
000988.SZ,2012-06-13,14.01,14.44,13.95,14.34,13.99,0.35,2.5,34952.35,49772.4797,2023-08-01
600845.SH,2012-06-13,15.65,16.08,15.57,16.06,15.61,0.45,2.88,7758.34,12326.116,2023-08-01
300076.SZ,2012-06-13,12.7,12.85,12.55,12.81,12.7,0.11,0.87,6339.95,8070.3041,2023-08-01
002513.SZ,2012-06-13,10.85,11.0,10.75,10.96,10.75,0.21,1.95,5943.97,6471.9364,2023-08-01
300146.SZ,2012-06-13,67.0,67.28,65.11,67.0,66.96,0.04,0.06,21068.07,139707.0035,2023-08-01
600446.SH,2012-06-13,6.32,6.4,6.2,6.38,6.28,0.1,1.59,16341.89,10335.387,2023-08-01
002492.SZ,2012-06-13,11.5,11.69,11.28,11.62,11.46,0.16,1.4,22523.3,25812.9763,2023-08-01
002418.SZ,2012-06-13,7.04,7.21,7.03,7.19,7.01,0.18,2.57,21065.62,15009.2417,2023-08-01
600351.SH,2012-06-13,6.0,6.11,6.0,6.1,6.0,0.1,1.67,17085.25,10364.27,2023-08-01
600831.SH,2012-06-13,8.83,9.06,8.76,9.0,8.88,0.12,1.35,103008.2,92196.253,2023-08-01
300295.SZ,2012-06-13,40.8,42.47,40.55,42.36,40.38,1.98,4.9,7577.79,31559.0414,2023-08-01
000514.SZ,2012-06-13,5.59,5.76,5.51,5.61,5.54,0.07,1.26,110697.01,62204.7973,2023-08-01
601965.SH,2012-06-13,7.32,7.41,7.25,7.4,7.29,0.11,1.51,172144.64,126258.465,2023-08-01
600579.SH,2012-06-13,4.48,4.58,4.41,4.49,4.45,0.04,0.9,26539.76,11913.327,2023-08-01
600212.SH,2012-06-13,3.73,3.82,3.73,3.8,3.74,0.06,1.6,41502.26,15687.595,2023-08-01
600328.SH,2012-06-13,8.57,8.58,8.36,8.57,8.47,0.1,1.18,14105.52,11996.126,2023-08-01
300120.SZ,2012-06-13,7.0,7.12,6.97,7.09,6.96,0.13,1.87,8883.07,6270.0203,2023-08-01
601000.SH,2012-06-13,6.23,6.28,6.21,6.27,6.22,0.05,0.8,9776.19,6116.989,2023-08-01
002465.SZ,2012-06-13,24.23,24.23,23.59,23.91,24.2,-0.29,-1.2,16453.54,39240.6087,2023-08-01
002651.SZ,2012-06-13,16.38,16.73,16.38,16.69,16.41,0.28,1.71,5608.8,9297.4454,2023-08-01
000951.SZ,2012-06-13,12.9,13.2,12.88,13.18,12.89,0.29,2.25,7943.96,10415.162,2023-08-01
300085.SZ,2012-06-13,9.37,9.6,9.12,9.6,9.38,0.22,2.35,44674.72,41931.331,2023-08-01
002354.SZ,2012-06-13,11.73,11.97,11.51,11.96,11.77,0.19,1.61,12510.33,14695.0799,2023-08-01
600372.SH,2012-06-13,17.99,18.38,17.7,18.34,18.0,0.34,1.89,11210.81,20203.834,2023-08-01
600397.SH,2012-06-13,14.85,15.15,14.68,15.13,14.85,0.28,1.89,19304.63,28852.384,2023-08-01
002432.SZ,2012-06-13,8.87,9.08,8.78,9.08,8.86,0.22,2.48,33433.44,29964.9937,2023-08-01
600533.SH,2012-06-13,4.11,4.17,4.08,4.13,4.12,0.01,0.24,73558.53,30307.832,2023-08-01
600363.SH,2012-06-13,7.31,7.54,7.24,7.52,7.31,0.21,2.87,52057.72,38726.564,2023-08-01
600112.SH,2012-06-13,12.9,13.1,12.75,12.99,12.84,0.15,1.17,31161.76,40353.635,2023-08-01
000830.SZ,2012-06-13,4.87,4.89,4.8,4.88,4.85,0.03,0.62,107412.99,52154.7443,2023-08-01
002051.SZ,2012-06-13,34.33,34.8,34.02,34.67,34.3,0.37,1.08,8101.65,27962.257,2023-08-01
000507.SZ,2012-06-13,9.76,9.86,9.71,9.85,9.69,0.16,1.65,13826.42,13536.9859,2023-08-01
002510.SZ,2012-06-13,10.47,10.66,10.44,10.64,10.43,0.21,2.01,3040.26,3206.7727,2023-08-01
000411.SZ,2012-06-13,8.67,9.0,8.67,8.99,8.68,0.31,3.57,19204.46,17047.3977,2023-08-01
601789.SH,2012-06-13,7.23,7.32,7.18,7.31,7.2,0.11,1.53,29209.54,21240.764,2023-08-01
600892.SH,2012-06-13,13.25,13.25,12.5,13.03,13.02,0.01,0.08,2885.32,3749.414,2023-08-01
600265.SH,2012-06-13,7.63,7.69,7.48,7.68,7.63,0.05,0.66,9983.48,7602.727,2023-08-01
000952.SZ,2012-06-13,7.59,7.73,7.55,7.71,7.58,0.13,1.72,19438.32,14875.3119,2023-08-01
300126.SZ,2012-06-13,10.34,10.44,10.23,10.44,10.28,0.16,1.56,6771.41,7001.0529,2023-08-01
000022.SZ,2012-06-13,9.99,10.13,9.93,10.13,9.96,0.17,1.71,6299.75,6332.756,2023-08-01
600588.SH,2012-06-13,15.1,15.32,15.04,15.3,15.09,0.21,1.39,26876.93,40961.198,2023-08-01
600830.SH,2012-06-13,8.7,9.04,8.68,8.95,8.69,0.26,2.99,205940.28,183116.166,2023-08-01
002447.SZ,2012-06-13,37.1,37.49,34.8,36.6,36.94,-0.34,-0.92,21837.78,79105.4813,2023-08-01
002176.SZ,2012-06-13,11.21,11.39,11.02,11.26,11.2,0.06,0.54,152792.42,171111.4624,2023-08-01
600592.SH,2012-06-13,8.09,8.27,8.09,8.25,8.08,0.17,2.1,19530.94,16029.179,2023-08-01
000505.SZ,2012-06-13,3.23,3.39,3.23,3.31,3.24,0.07,2.16,57584.24,19143.0511,2023-08-01
000016.SZ,2012-06-13,3.85,3.95,3.8,3.9,3.85,0.05,1.3,80957.15,31368.9901,2023-08-01
000009.SZ,2012-06-13,10.83,10.98,10.76,10.95,10.82,0.13,1.2,122864.16,133931.9551,2023-08-01
000157.SZ,2012-06-13,10.94,11.07,10.89,11.04,10.9,0.14,1.28,420994.34,463616.2073,2023-08-01
300133.SZ,2012-06-13,12.8,13.07,12.71,13.01,12.81,0.2,1.56,12733.39,16425.8179,2023-08-01
000023.SZ,2012-06-13,6.6,6.74,6.6,6.72,6.62,0.1,1.51,11792.02,7891.5256,2023-08-01
000529.SZ,2012-06-13,8.04,8.2,7.95,8.15,8.03,0.12,1.49,53770.33,43497.8365,2023-08-01
600808.SH,2012-06-13,2.29,2.31,2.27,2.31,2.28,0.03,1.32,154800.88,35489.043,2023-08-01
002667.SZ,2012-06-13,25.49,26.2,25.26,26.16,25.33,0.83,3.28,6970.43,18019.1714,2023-08-01
600209.SH,2012-06-13,4.48,4.59,4.48,4.57,4.47,0.1,2.24,70028.48,31623.797,2023-08-01
600050.SH,2012-06-13,3.96,3.98,3.92,3.97,3.96,0.01,0.25,488012.52,193153.188,2023-08-01
002607.SZ,2012-06-13,11.75,12.25,11.7,12.2,11.74,0.46,3.92,18553.33,22132.1823,2023-08-01
300153.SZ,2012-06-13,9.34,9.5,9.31,9.48,9.33,0.15,1.61,9287.46,8759.1532,2023-08-01
600253.SH,2012-06-13,7.01,7.18,6.95,7.17,7.05,0.12,1.7,99548.53,70509.07,2023-08-01
000010.SZ,2012-06-13,13.25,13.68,13.25,13.25,13.95,-0.7,-5.02,21464.02,28517.3156,2023-08-01
600612.SH,2012-06-13,26.3,26.68,26.3,26.56,26.19,0.37,1.41,7096.3,18863.063,2023-08-01
002485.SZ,2012-06-13,12.16,12.37,12.05,12.25,12.17,0.08,0.66,25751.32,31465.0908,2023-08-01
000040.SZ,2012-06-13,4.85,4.87,4.74,4.84,4.8,0.04,0.83,80017.29,38469.7234,2023-08-01
002218.SZ,2012-06-13,9.0,9.09,8.93,9.06,9.0,0.06,0.67,27918.18,25160.2535,2023-08-01
000877.SZ,2012-06-13,11.15,11.25,11.0,11.22,11.12,0.1,0.9,110176.84,122647.0765,2023-08-01
600988.SH,2012-06-13,15.9,16.36,15.9,16.2,15.87,0.33,2.08,19505.12,31551.046,2023-08-01
600978.SH,2012-06-13,5.2,5.32,5.05,5.31,5.27,0.04,0.76,198225.8,102689.626,2023-08-01
600855.SH,2012-06-13,9.27,9.43,9.22,9.42,9.3,0.12,1.29,38859.73,36222.539,2023-08-01
600877.SH,2012-06-13,3.42,3.47,3.39,3.46,3.42,0.04,1.17,93637.05,32212.289,2023-08-01
002464.SZ,2012-06-13,16.98,17.35,16.95,17.31,16.95,0.36,2.12,8700.91,14946.0797,2023-08-01
600409.SH,2012-06-13,6.5,6.73,6.5,6.69,6.53,0.16,2.45,100521.69,66819.752,2023-08-01
300142.SZ,2012-06-13,36.25,37.78,36.25,37.54,36.14,1.4,3.87,12044.18,44740.3439,2023-08-01
600638.SH,2012-06-13,9.19,9.6,9.16,9.57,9.18,0.39,4.25,46289.55,43628.272,2023-08-01
002334.SZ,2012-06-13,15.43,16.9,15.42,16.77,15.42,1.35,8.75,109559.16,179977.4746,2023-08-01
002658.SZ,2012-06-13,21.3,23.37,21.22,22.84,21.3,1.54,7.23,73550.85,164845.5502,2023-08-01
600199.SH,2012-06-13,23.24,24.08,22.98,23.98,23.03,0.95,4.13,100333.79,236433.704,2023-08-01
300290.SZ,2012-06-13,14.21,14.5,14.15,14.5,14.28,0.22,1.54,7840.41,11270.1403,2023-08-01
000338.SZ,2012-06-13,31.76,32.12,31.65,32.12,31.75,0.37,1.17,44782.21,142918.2241,2023-08-01
600428.SH,2012-06-13,4.34,4.52,4.34,4.41,4.34,0.07,1.61,89251.92,39322.202,2023-08-01
600568.SH,2012-06-13,19.01,19.25,18.88,19.21,18.92,0.29,1.53,37103.52,70993.68,2023-08-01
300154.SZ,2012-06-13,10.29,10.45,10.28,10.4,10.3,0.1,0.97,7611.15,7884.6272,2023-08-01
600531.SH,2012-06-13,19.91,20.05,19.75,19.99,19.79,0.2,1.01,25697.46,51268.153,2023-08-01
300147.SZ,2012-06-13,9.21,9.21,9.21,9.21,8.37,0.84,10.04,76597.05,70545.8831,2023-08-01
600759.SH,2012-06-13,5.7,5.94,5.68,5.89,5.72,0.17,2.97,130721.45,76400.026,2023-08-01
000089.SZ,2012-06-13,4.21,4.26,4.2,4.25,4.21,0.04,0.95,21609.18,9156.6059,2023-08-01
600582.SH,2012-06-13,16.31,16.4,15.9,16.18,16.32,-0.14,-0.86,59354.14,95292.924,2023-08-01
002399.SZ,2012-06-13,21.33,21.48,21.14,21.46,21.14,0.32,1.51,11694.2,24948.6792,2023-08-01
002129.SZ,2012-06-13,13.5,13.77,13.5,13.66,13.56,0.1,0.74,15828.21,21642.3725,2023-08-01
600415.SH,2012-06-13,8.35,8.48,8.24,8.44,8.29,0.15,1.81,255297.19,214213.022,2023-08-01
002228.SZ,2012-06-13,5.34,5.37,5.26,5.36,5.28,0.08,1.52,9173.26,4880.5202,2023-08-01
000880.SZ,2012-06-13,11.29,11.65,11.17,11.64,11.26,0.38,3.37,31241.57,35760.5247,2023-08-01
002317.SZ,2012-06-13,22.11,22.66,21.99,22.58,22.1,0.48,2.17,9941.82,22251.5573,2023-08-01
600535.SH,2012-06-13,42.5,42.9,41.92,42.56,42.51,0.05,0.12,23322.52,98962.6,2023-08-01
300007.SZ,2012-06-13,17.6,18.03,17.58,17.99,17.53,0.46,2.62,18354.8,32797.7274,2023-08-01
600828.SH,2012-06-13,5.87,6.0,5.86,5.95,5.87,0.08,1.36,18993.16,11312.242,2023-08-01
300044.SZ,2012-06-13,12.61,12.89,12.55,12.74,12.54,0.2,1.59,6124.29,7798.799,2023-08-01
002170.SZ,2012-06-13,9.4,9.88,9.4,9.58,9.39,0.19,2.02,129743.38,125156.4043,2023-08-01
600138.SH,2012-06-13,17.34,17.77,17.31,17.62,17.37,0.25,1.44,78349.8,138163.932,2023-08-01
300101.SZ,2012-06-13,14.72,14.9,14.63,14.9,14.72,0.18,1.22,12172.05,17989.2025,2023-08-01
000025.SZ,2012-06-13,6.79,6.93,6.79,6.93,6.85,0.08,1.17,7692.32,5302.564,2023-08-01
600647.SH,2012-06-13,9.6,9.75,9.52,9.71,9.55,0.16,1.68,6689.17,6457.42,2023-08-01
002398.SZ,2012-06-13,24.42,24.84,24.1,24.73,24.42,0.31,1.27,12230.32,30039.385,2023-08-01
300018.SZ,2012-06-13,9.7,9.95,9.58,9.88,9.59,0.29,3.02,9549.0,9334.6431,2023-08-01
000594.SZ,2012-06-13,2.72,2.78,2.68,2.76,2.74,0.02,0.73,507926.75,139006.327,2023-08-01
600281.SH,2012-06-13,5.54,5.66,5.48,5.6,5.55,0.05,0.9,32276.04,18047.44,2023-08-01
600999.SH,2012-06-13,12.41,13.21,12.36,12.99,12.36,0.63,5.1,289408.09,371377.483,2023-08-01
600187.SH,2012-06-13,8.59,8.85,8.54,8.76,8.53,0.23,2.7,78616.68,68547.331,2023-08-01
002027.SZ,2012-06-13,4.2,4.27,4.2,4.26,4.18,0.08,1.91,10930.05,4637.6008,2023-08-01
600493.SH,2012-06-13,5.03,5.13,5.0,5.1,5.01,0.09,1.8,28123.44,14270.695,2023-08-01
600345.SH,2012-06-13,11.94,12.32,11.94,12.29,11.91,0.38,3.19,11681.48,14183.276,2023-08-01
300215.SZ,2012-06-13,18.9,19.68,18.86,19.42,18.9,0.52,2.75,11573.85,22430.9923,2023-08-01
000601.SZ,2012-06-13,3.66,3.82,3.65,3.78,3.65,0.13,3.56,218426.1,82201.6937,2023-08-01
000027.SZ,2012-06-13,6.71,7.02,6.68,7.0,6.71,0.29,4.32,265350.54,183753.0899,2023-08-01
600775.SH,2012-06-13,6.02,6.08,5.98,6.08,6.0,0.08,1.33,4629.75,2795.43,2023-08-01
600810.SH,2012-06-13,8.3,8.4,8.24,8.34,8.26,0.08,0.97,34925.74,29103.95,2023-08-01
300051.SZ,2012-06-13,11.26,11.47,11.12,11.4,11.18,0.22,1.97,39526.16,44799.7061,2023-08-01
002287.SZ,2012-06-13,16.18,16.68,16.1,16.57,16.1,0.47,2.92,7428.46,12227.8815,2023-08-01
002497.SZ,2012-06-13,14.06,14.41,14.0,14.29,13.96,0.33,2.36,14968.66,21238.5893,2023-08-01
600663.SH,2012-06-13,11.91,12.05,11.8,12.0,11.84,0.16,1.35,18363.16,21949.267,2023-08-01
002664.SZ,2012-06-13,19.8,20.26,19.6,20.18,19.97,0.21,1.05,27605.21,55053.3847,2023-08-01
002207.SZ,2012-06-13,13.93,14.52,13.92,14.45,14.13,0.32,2.26,27549.48,39296.058,2023-08-01
601700.SH,2012-06-13,15.0,15.46,15.0,15.32,14.97,0.35,2.34,5653.3,8623.9,2023-08-01
600368.SH,2012-06-13,4.24,4.26,4.17,4.24,4.23,0.01,0.24,26388.5,11100.053,2023-08-01
600185.SH,2012-06-13,6.63,6.68,6.53,6.67,6.61,0.06,0.91,92065.44,60825.912,2023-08-01
300216.SZ,2012-06-13,10.74,11.09,10.74,11.09,10.74,0.35,3.26,15579.94,16986.2913,2023-08-01
600621.SH,2012-06-13,5.2,5.32,5.17,5.29,5.22,0.07,1.34,68231.55,35942.17,2023-08-01
600671.SH,2012-06-13,11.24,11.25,11.06,11.25,11.09,0.16,1.44,4422.29,4942.365,2023-08-01
600012.SH,2012-06-13,4.32,4.36,4.28,4.36,4.32,0.04,0.93,15255.18,6599.61,2023-08-01
300122.SZ,2012-06-13,26.09,26.29,25.91,26.11,26.4,-0.29,-1.1,6498.11,16937.9156,2023-08-01
002571.SZ,2012-06-13,12.65,12.65,12.42,12.56,12.58,-0.02,-0.16,6891.22,8631.2096,2023-08-01
600284.SH,2012-06-13,7.18,7.24,7.06,7.21,7.09,0.12,1.69,27119.02,19365.379,2023-08-01
600478.SH,2012-06-13,27.73,27.73,27.73,27.73,25.21,2.52,10.0,7038.34,19517.317,2023-08-01
000919.SZ,2012-06-13,9.34,9.72,9.33,9.7,9.34,0.36,3.85,28774.27,27492.9229,2023-08-01
000878.SZ,2012-06-13,18.71,19.09,18.55,18.94,18.55,0.39,2.1,75268.08,142199.8705,2023-08-01
600864.SH,2012-06-13,6.4,6.6,6.36,6.54,6.36,0.18,2.83,33202.14,21621.928,2023-08-01
002234.SZ,2012-06-13,28.18,28.56,28.1,28.51,28.45,0.06,0.21,14325.51,40689.5035,2023-08-01
002023.SZ,2012-06-13,9.08,9.19,8.99,9.14,9.0,0.14,1.56,28620.65,26032.2267,2023-08-01
300327.SZ,2012-06-13,11.8,12.08,11.61,12.04,12.5,-0.46,-3.68,107316.33,126744.5315,2023-08-01
601169.SH,2012-06-13,9.38,9.46,9.29,9.43,9.35,0.08,0.86,191970.56,179962.586,2023-08-01
000803.SZ,2012-06-13,7.19,7.21,7.05,7.18,7.13,0.05,0.7,6899.92,4926.063,2023-08-01
600736.SH,2012-06-13,5.79,6.1,5.79,5.99,5.67,0.32,5.64,447773.26,266344.62,2023-08-01
000860.SZ,2012-06-13,15.81,16.29,15.79,16.24,15.86,0.38,2.4,44470.38,71595.6001,2023-08-01
002269.SZ,2012-06-13,22.91,23.99,22.75,23.7,22.88,0.82,3.58,21737.92,51297.9377,2023-08-01
600862.SH,2012-06-13,4.92,4.99,4.85,4.98,4.9,0.08,1.6327,107094.02,52912.767,2023-08-01
001872.SZ,2012-06-13,9.99,10.13,9.93,10.13,9.96,0.17,1.71,6299.75,6332.756,2023-08-01
001914.SZ,2012-06-13,5.17,5.22,5.12,5.19,5.15,0.04,0.78,101252.1,52466.8071,2023-08-01
