security_code,trade_date,open,high,low,close,pre_close,change,pct_chg,vol,amount,data_date
603690.SH,2017-11-27,21.02,21.66,18.84,19.54,20.93,-1.39,-6.64,58459.68,120113.691,2023-08-01
603359.SH,2017-11-27,37.02,37.5,35.5,35.57,37.13,-1.56,-4.2,19795.22,71811.927,2023-08-01
603659.SH,2017-11-27,59.8,66.88,59.01,65.09,61.22,3.87,6.32,177642.63,1134098.833,2023-08-01
000001.SZ,2017-11-27,14.3,14.3,13.75,13.93,14.56,-0.63,-4.33,2064085.33,2878491.901,2023-08-01
000002.SZ,2017-11-27,31.45,32.6,30.59,31.52,31.8,-0.28,-0.88,521581.28,1640697.007,2023-08-01
000004.SZ,2017-11-27,27.6,27.84,25.74,26.05,27.45,-1.4,-5.1,32284.44,84797.049,2023-08-01
000005.SZ,2017-11-27,4.23,4.23,4.17,4.18,4.21,-0.03,-0.71,30141.0,12635.03,2023-08-01
000008.SZ,2017-11-27,8.43,8.55,8.18,8.28,8.57,-0.29,-3.38,73388.03,60815.74,2023-08-01
000009.SZ,2017-11-27,7.55,7.62,7.45,7.47,7.62,-0.15,-1.97,108192.26,81467.771,2023-08-01
000010.SZ,2017-11-27,5.37,5.42,5.13,5.13,5.41,-0.28,-5.18,157917.73,83008.154,2023-08-01
600247.SH,2017-11-27,9.22,9.29,8.91,9.03,9.23,-0.2,-2.17,14412.0,13099.661,2023-08-01
603721.SH,2017-11-27,35.03,35.47,32.71,33.26,35.4,-2.14,-6.05,18775.14,63106.79,2023-08-01
603920.SH,2017-11-27,19.7,19.7,19.02,19.14,19.8,-0.66,-3.33,46219.33,89240.541,2023-08-01
601366.SH,2017-11-27,10.86,10.99,10.73,10.77,10.99,-0.22,-2.0,21177.08,22974.591,2023-08-01
603938.SH,2017-11-27,36.68,38.2,33.88,34.11,37.64,-3.53,-9.38,46842.81,170703.668,2023-08-01
600121.SH,2017-11-27,5.73,5.83,5.71,5.75,5.69,0.06,1.05,67552.07,39066.319,2023-08-01
603336.SH,2017-11-27,20.65,20.65,19.6,19.93,20.88,-0.95,-4.55,10315.3,20646.594,2023-08-01
603928.SH,2017-11-27,15.87,15.94,15.67,15.72,15.86,-0.14,-0.88,7986.62,12653.058,2023-08-01
000560.SZ,2017-11-27,9.35,9.43,9.03,9.06,9.44,-0.38,-4.03,82293.61,75315.825,2023-08-01
603208.SH,2017-11-27,46.28,46.28,44.81,44.91,46.32,-1.41,-3.04,3650.0,16484.052,2023-08-01
603887.SH,2017-11-27,26.0,26.27,25.72,25.82,25.86,-0.04,-0.15,2483.0,6449.828,2023-08-01
603050.SH,2017-11-27,20.41,21.2,20.41,20.55,20.4,0.15,0.74,19775.2,41125.063,2023-08-01
002571.SZ,2017-11-27,10.69,10.69,10.69,10.69,10.18,0.51,5.01,6530.3,6980.89,2023-08-01
300224.SZ,2017-11-27,8.98,9.13,8.83,8.88,9.08,-0.2,-2.2,90923.36,81438.032,2023-08-01
300225.SZ,2017-11-27,14.66,14.7,13.93,14.1,14.75,-0.65,-4.41,32352.8,45795.802,2023-08-01
300226.SZ,2017-11-27,33.83,35.0,33.83,34.21,34.0,0.21,0.62,10792.45,37213.95,2023-08-01
300227.SZ,2017-11-27,21.49,21.99,21.02,21.19,21.6,-0.41,-1.9,28923.88,62258.258,2023-08-01
300228.SZ,2017-11-27,11.27,11.32,11.09,11.22,11.26,-0.04,-0.36,62157.66,69649.233,2023-08-01
300229.SZ,2017-11-27,13.51,14.25,13.51,13.82,13.68,0.14,1.02,73395.65,102506.321,2023-08-01
300230.SZ,2017-11-27,12.65,12.98,12.62,12.7,12.67,0.03,0.24,15378.22,19620.997,2023-08-01
300231.SZ,2017-11-27,10.5,10.63,10.35,10.46,10.52,-0.06,-0.57,17584.56,18487.95,2023-08-01
300232.SZ,2017-11-27,12.61,13.29,12.43,12.98,12.55,0.43,3.43,78113.49,101233.961,2023-08-01
300233.SZ,2017-11-27,18.9,18.9,18.6,18.68,18.9,-0.22,-1.16,5814.39,10901.133,2023-08-01
300234.SZ,2017-11-27,11.71,11.89,11.22,11.36,11.88,-0.52,-4.38,25408.72,29433.959,2023-08-01
300235.SZ,2017-11-27,13.36,13.36,13.0,13.29,13.37,-0.08,-0.6,6019.21,7965.961,2023-08-01
300236.SZ,2017-11-27,34.32,34.77,33.45,33.66,34.9,-1.24,-3.55,52264.06,178666.41,2023-08-01
300237.SZ,2017-11-27,14.33,14.34,14.03,14.08,14.45,-0.37,-2.56,16140.0,22945.134,2023-08-01
300238.SZ,2017-11-27,23.4,23.42,22.5,23.12,23.43,-0.31,-1.32,36016.26,82844.56,2023-08-01
300239.SZ,2017-11-27,5.42,5.48,5.39,5.42,5.41,0.01,0.18,16572.02,9005.343,2023-08-01
300241.SZ,2017-11-27,15.72,15.79,15.31,15.57,15.7,-0.13,-0.83,56033.7,86963.74,2023-08-01
300242.SZ,2017-11-27,8.25,8.25,8.01,8.04,8.2,-0.16,-1.95,31851.08,25764.102,2023-08-01
300243.SZ,2017-11-27,11.26,11.44,11.23,11.31,11.28,0.03,0.27,9246.23,10467.722,2023-08-01
300244.SZ,2017-11-27,27.3,27.37,26.0,26.12,27.72,-1.6,-5.77,60555.9,161878.11,2023-08-01
300245.SZ,2017-11-27,13.68,13.85,13.58,13.63,13.68,-0.05,-0.37,16393.83,22428.406,2023-08-01
300246.SZ,2017-11-27,24.2,24.35,23.71,23.77,23.93,-0.16,-0.67,14445.24,34729.35,2023-08-01
300193.SZ,2017-11-27,7.82,7.98,7.79,7.92,7.89,0.03,0.38,27075.47,21380.021,2023-08-01
300194.SZ,2017-11-27,5.65,5.72,5.56,5.68,5.64,0.04,0.71,40619.34,22932.187,2023-08-01
300195.SZ,2017-11-27,13.93,13.93,13.7,13.73,13.9,-0.17,-1.22,14578.0,20142.599,2023-08-01
300196.SZ,2017-11-27,12.61,12.76,12.31,12.41,12.6,-0.19,-1.51,14097.93,17619.35,2023-08-01
300197.SZ,2017-11-27,11.69,11.75,11.45,11.58,11.7,-0.12,-1.03,122047.29,141679.916,2023-08-01
300198.SZ,2017-11-27,5.57,5.61,5.43,5.45,5.58,-0.13,-2.33,101806.6,56301.801,2023-08-01
300199.SZ,2017-11-27,15.57,15.98,15.57,15.66,15.58,0.08,0.51,61777.02,97653.366,2023-08-01
300200.SZ,2017-11-27,10.55,10.7,10.53,10.58,10.59,-0.01,-0.09,5618.21,5952.476,2023-08-01
300201.SZ,2017-11-27,7.77,7.82,7.6,7.6,7.77,-0.17,-2.19,66220.86,50983.265,2023-08-01
300202.SZ,2017-11-27,17.6,17.6,17.05,17.19,17.69,-0.5,-2.83,22893.05,39356.56,2023-08-01
300203.SZ,2017-11-27,30.85,31.15,30.5,30.65,30.9,-0.25,-0.81,24527.03,75442.379,2023-08-01
300204.SZ,2017-11-27,14.42,14.61,14.38,14.4,14.47,-0.07,-0.48,14419.2,20885.815,2023-08-01
300205.SZ,2017-11-27,9.37,9.57,9.27,9.34,9.48,-0.14,-1.48,20652.78,19463.928,2023-08-01
300206.SZ,2017-11-27,8.44,8.52,8.37,8.44,8.44,0.0,0.0,15651.5,13226.967,2023-08-01
300207.SZ,2017-11-27,11.21,11.46,11.21,11.38,11.34,0.04,0.35,58487.0,66479.128,2023-08-01
300208.SZ,2017-11-27,13.03,13.14,12.36,12.4,13.07,-0.67,-5.13,65722.43,83368.501,2023-08-01
300209.SZ,2017-11-27,20.08,20.28,19.81,19.89,19.78,0.11,0.56,30955.75,62036.521,2023-08-01
002800.SZ,2017-11-27,31.4,32.03,31.4,31.54,31.4,0.14,0.45,5109.93,16208.268,2023-08-01
002801.SZ,2017-11-27,35.85,36.43,35.0,35.0,35.85,-0.85,-2.37,3187.0,11313.758,2023-08-01
002802.SZ,2017-11-27,30.45,30.86,29.58,29.88,30.51,-0.63,-2.06,6094.0,18492.109,2023-08-01
002803.SZ,2017-11-27,42.3,43.95,42.3,43.2,42.3,0.9,2.13,7333.86,31717.062,2023-08-01
002805.SZ,2017-11-27,29.9,30.1,28.6,28.84,29.99,-1.15,-3.83,9553.49,27837.924,2023-08-01
002806.SZ,2017-11-27,20.39,20.39,18.94,18.94,21.04,-2.1,-9.98,39258.17,76001.46,2023-08-01
002807.SZ,2017-11-27,7.78,7.83,7.68,7.72,7.82,-0.1,-1.28,78916.75,61030.995,2023-08-01
002808.SZ,2017-11-27,14.62,14.72,14.13,14.13,14.68,-0.55,-3.75,9011.0,12952.771,2023-08-01
002809.SZ,2017-11-27,27.08,28.19,27.01,27.73,27.24,0.49,1.8,16466.0,45757.011,2023-08-01
002810.SZ,2017-11-27,22.28,22.45,21.71,22.35,22.27,0.08,0.36,9704.63,21552.635,2023-08-01
002811.SZ,2017-11-27,19.94,19.94,19.51,19.53,19.9,-0.37,-1.86,10197.49,20086.438,2023-08-01
002812.SZ,2017-11-27,100.9,104.8,99.68,100.48,100.0,0.48,0.48,7998.24,81325.619,2023-08-01
002813.SZ,2017-11-27,39.95,43.0,39.8,42.25,39.98,2.27,5.68,49125.0,207048.404,2023-08-01
002815.SZ,2017-11-27,30.0,30.17,29.21,29.42,30.09,-0.67,-2.23,10421.28,30894.916,2023-08-01
002816.SZ,2017-11-27,21.55,21.79,21.06,21.24,21.39,-0.15,-0.7,7844.54,16840.993,2023-08-01
002817.SZ,2017-11-27,30.7,30.7,29.8,29.9,30.7,-0.8,-2.61,3971.69,11943.13,2023-08-01
002818.SZ,2017-11-27,31.92,32.05,31.52,31.65,31.92,-0.27,-0.85,8303.28,26474.496,2023-08-01
002819.SZ,2017-11-27,29.31,29.81,26.8,27.13,29.78,-2.65,-8.9,26388.34,72734.757,2023-08-01
002820.SZ,2017-11-27,26.5,26.58,26.3,26.34,26.5,-0.16,-0.6,3356.0,8875.67,2023-08-01
002821.SZ,2017-11-27,58.6,58.68,57.88,58.1,58.7,-0.6,-1.02,7028.84,40936.146,2023-08-01
002822.SZ,2017-11-27,10.37,10.96,10.17,10.54,10.46,0.08,0.76,60370.0,63974.945,2023-08-01
002823.SZ,2017-11-27,16.08,16.2,15.63,16.0,16.0,0.0,0.0,22377.32,35684.819,2023-08-01
002824.SZ,2017-11-27,18.11,18.6,17.81,18.32,17.97,0.35,1.95,19813.64,36232.765,2023-08-01
300058.SZ,2017-11-27,7.06,7.09,6.95,6.97,7.0,-0.03,-0.43,53729.95,37680.442,2023-08-01
300059.SZ,2017-11-27,13.4,13.85,13.12,13.46,13.52,-0.06,-0.44,1142954.21,1546624.316,2023-08-01
300061.SZ,2017-11-27,15.69,15.72,14.33,15.47,15.72,-0.25,-1.59,38768.49,58140.907,2023-08-01
300062.SZ,2017-11-27,7.46,7.52,7.4,7.41,7.46,-0.05,-0.67,16149.0,12046.325,2023-08-01
300063.SZ,2017-11-27,5.79,5.83,5.73,5.75,5.78,-0.03,-0.52,26721.5,15432.805,2023-08-01
300064.SZ,2017-11-27,13.52,13.69,13.3,13.5,13.49,0.01,0.07,57676.96,78156.947,2023-08-01
300065.SZ,2017-11-27,17.73,17.9,17.13,17.38,17.81,-0.43,-2.41,26283.0,46034.998,2023-08-01
300066.SZ,2017-11-27,4.88,4.88,4.8,4.8,4.86,-0.06,-1.23,29483.47,14260.933,2023-08-01
300067.SZ,2017-11-27,5.91,6.1,5.8,5.91,5.9,0.01,0.17,40518.32,24259.699,2023-08-01
300068.SZ,2017-11-27,15.62,15.77,15.45,15.55,15.57,-0.02,-0.13,33405.36,52126.026,2023-08-01
300069.SZ,2017-11-27,36.0,36.45,35.78,36.45,36.26,0.19,0.52,16934.89,61054.088,2023-08-01
300070.SZ,2017-11-27,17.1,17.39,16.91,17.15,17.05,0.1,0.59,182197.62,313757.556,2023-08-01
300071.SZ,2017-11-27,7.73,7.82,7.62,7.8,7.8,0.0,0.0,38894.48,30018.343,2023-08-01
300072.SZ,2017-11-27,33.75,34.75,33.72,34.2,33.72,0.48,1.42,79062.28,271893.416,2023-08-01
300073.SZ,2017-11-27,26.86,27.4,24.73,25.46,27.08,-1.62,-5.98,86271.52,228138.233,2023-08-01
300074.SZ,2017-11-27,7.82,7.97,7.71,7.73,7.74,-0.01,-0.13,24688.38,19243.401,2023-08-01
300075.SZ,2017-11-27,17.17,17.53,16.88,17.3,17.09,0.21,1.23,60469.22,104453.563,2023-08-01
300076.SZ,2017-11-27,6.16,6.32,6.15,6.22,6.2,0.02,0.32,32999.77,20585.797,2023-08-01
300077.SZ,2017-11-27,14.56,14.61,14.03,14.24,14.7,-0.46,-3.13,315735.35,452437.103,2023-08-01
300078.SZ,2017-11-27,11.1,11.34,10.92,11.03,11.04,-0.01,-0.09,110043.13,122816.591,2023-08-01
300079.SZ,2017-11-27,4.63,4.66,4.58,4.6,4.61,-0.01,-0.22,75060.02,34677.853,2023-08-01
300080.SZ,2017-11-27,7.12,7.25,6.98,7.11,7.2,-0.09,-1.25,83047.0,58902.926,2023-08-01
002703.SZ,2017-11-27,9.3,9.5,9.13,9.28,9.19,0.09,0.98,47626.03,44283.809,2023-08-01
002705.SZ,2017-11-27,11.63,11.63,11.06,11.51,11.65,-0.14,-1.2,59189.06,66445.944,2023-08-01
002706.SZ,2017-11-27,11.6,11.68,11.44,11.44,11.6,-0.16,-1.38,7565.0,8730.274,2023-08-01
002707.SZ,2017-11-27,10.78,10.99,10.65,10.8,10.78,0.02,0.19,21970.55,23857.384,2023-08-01
002708.SZ,2017-11-27,6.65,6.73,6.57,6.63,6.69,-0.06,-0.9,13228.12,8810.209,2023-08-01
002709.SZ,2017-11-27,43.42,44.09,42.58,42.83,43.46,-0.63,-1.45,35206.89,153439.658,2023-08-01
002712.SZ,2017-11-27,24.89,25.0,24.42,24.81,24.93,-0.12,-0.48,8215.0,20274.218,2023-08-01
002713.SZ,2017-11-27,20.98,21.0,20.35,20.48,20.61,-0.13,-0.63,3391.0,6985.715,2023-08-01
002714.SZ,2017-11-27,50.23,51.4,48.0,48.25,50.23,-1.98,-3.94,80493.34,398714.282,2023-08-01
002715.SZ,2017-11-27,29.92,30.28,29.5,29.88,30.4,-0.52,-1.71,2100.0,6240.434,2023-08-01
002716.SZ,2017-11-27,19.21,19.28,18.91,19.03,19.28,-0.25,-1.3,35828.86,68353.626,2023-08-01
002717.SZ,2017-11-27,23.72,24.35,23.49,24.01,23.72,0.29,1.22,31957.09,76853.97,2023-08-01
002718.SZ,2017-11-27,51.84,51.84,50.4,50.49,51.56,-1.07,-2.08,2164.0,11060.784,2023-08-01
002719.SZ,2017-11-27,26.9,27.18,26.55,26.99,26.92,0.07,0.26,7873.1,21151.51,2023-08-01
002721.SZ,2017-11-27,13.05,13.32,13.0,13.23,13.12,0.11,0.84,32005.27,42240.657,2023-08-01
002722.SZ,2017-11-27,28.0,28.15,26.75,26.96,28.42,-1.46,-5.14,64528.0,175582.424,2023-08-01
002723.SZ,2017-11-27,20.85,20.85,20.35,20.58,20.71,-0.13,-0.63,3221.0,6593.791,2023-08-01
002724.SZ,2017-11-27,9.72,9.72,9.45,9.45,9.73,-0.28,-2.88,13769.08,13176.764,2023-08-01
002725.SZ,2017-11-27,15.52,15.64,15.23,15.25,15.59,-0.34,-2.18,3732.48,5766.815,2023-08-01
002726.SZ,2017-11-27,11.3,11.38,11.12,11.2,11.2,0.0,0.0,28401.09,31868.24,2023-08-01
002326.SZ,2017-11-27,12.8,13.09,12.52,13.05,12.9,0.15,1.16,74169.83,94276.471,2023-08-01
002327.SZ,2017-11-27,9.41,9.89,9.35,9.48,9.41,0.07,0.74,102322.64,98538.345,2023-08-01
002328.SZ,2017-11-27,6.94,6.97,6.88,6.97,6.94,0.03,0.43,27361.52,18935.6,2023-08-01
002329.SZ,2017-11-27,6.98,7.25,6.93,7.02,7.12,-0.1,-1.4,81141.01,57499.911,2023-08-01
002330.SZ,2017-11-27,8.8,8.99,8.7,8.79,8.82,-0.03,-0.34,65794.51,58498.729,2023-08-01
002331.SZ,2017-11-27,10.5,10.51,10.34,10.36,10.51,-0.15,-1.43,33264.2,34679.124,2023-08-01
002332.SZ,2017-11-27,8.52,8.62,8.39,8.41,8.59,-0.18,-2.1,54405.46,46156.744,2023-08-01
002333.SZ,2017-11-27,14.87,14.96,13.6,13.72,14.8,-1.08,-7.3,40935.4,57776.816,2023-08-01
002334.SZ,2017-11-27,8.51,8.82,8.51,8.71,8.71,0.0,0.0,88527.32,77051.845,2023-08-01
002335.SZ,2017-11-27,31.22,31.91,31.07,31.23,31.17,0.06,0.19,16428.08,51796.021,2023-08-01
002336.SZ,2017-11-27,8.87,8.87,8.58,8.79,8.85,-0.06,-0.68,18903.45,16479.959,2023-08-01
002337.SZ,2017-11-27,5.48,5.48,5.36,5.38,5.48,-0.1,-1.82,25152.51,13583.554,2023-08-01
002569.SZ,2017-11-27,48.15,48.15,46.68,47.06,48.15,-1.09,-2.26,2310.0,10890.404,2023-08-01
002572.SZ,2017-11-27,35.65,36.95,35.45,36.0,35.5,0.5,1.41,61064.55,222181.325,2023-08-01
002521.SZ,2017-11-27,9.04,9.14,8.92,9.03,9.06,-0.03,-0.33,21659.67,19591.098,2023-08-01
002522.SZ,2017-11-27,11.5,11.5,11.1,11.27,11.71,-0.44,-3.76,90115.21,101565.615,2023-08-01
002523.SZ,2017-11-27,5.3,5.3,5.2,5.23,5.3,-0.07,-1.32,20221.1,10591.766,2023-08-01
002524.SZ,2017-11-27,5.94,6.12,5.9,5.98,5.93,0.05,0.84,45463.7,27336.308,2023-08-01
002526.SZ,2017-11-27,6.62,6.62,6.34,6.36,6.64,-0.28,-4.22,40761.87,26402.279,2023-08-01
002527.SZ,2017-11-27,11.89,11.89,11.23,11.31,11.86,-0.55,-4.64,73124.02,84752.863,2023-08-01
002528.SZ,2017-11-27,5.22,5.35,5.17,5.24,5.19,0.05,0.96,30344.35,16019.226,2023-08-01
002529.SZ,2017-11-27,16.7,16.97,16.43,16.46,16.9,-0.44,-2.6,27950.9,46721.382,2023-08-01
002530.SZ,2017-11-27,23.8,24.17,22.85,23.35,23.81,-0.46,-1.93,15907.96,37069.236,2023-08-01
002531.SZ,2017-11-27,7.08,7.31,6.83,7.08,7.13,-0.05,-0.7,156730.33,111221.85,2023-08-01
002532.SZ,2017-11-27,7.19,7.19,7.06,7.08,7.2,-0.12,-1.67,11565.63,8210.962,2023-08-01
002533.SZ,2017-11-27,6.84,6.86,6.78,6.81,6.84,-0.03,-0.44,13528.51,9209.525,2023-08-01
002534.SZ,2017-11-27,12.46,12.75,11.72,11.83,12.46,-0.63,-5.06,151470.81,184825.27,2023-08-01
002536.SZ,2017-11-27,13.81,14.19,13.81,14.07,13.96,0.11,0.79,29548.1,41563.295,2023-08-01
002537.SZ,2017-11-27,9.82,9.86,9.65,9.72,9.85,-0.13,-1.32,21769.49,21192.475,2023-08-01
002538.SZ,2017-11-27,8.53,8.67,8.43,8.6,8.52,0.08,0.94,38530.81,33164.099,2023-08-01
002539.SZ,2017-11-27,6.3,6.3,6.08,6.14,6.29,-0.15,-2.38,24779.0,15285.038,2023-08-01
002540.SZ,2017-11-27,7.26,7.36,7.2,7.2,7.29,-0.09,-1.23,58347.26,42413.118,2023-08-01
002541.SZ,2017-11-27,14.42,14.67,14.25,14.32,14.42,-0.1,-0.69,10586.88,15269.708,2023-08-01
002542.SZ,2017-11-27,7.85,8.29,7.72,8.06,7.82,0.24,3.07,152209.97,122683.718,2023-08-01
002543.SZ,2017-11-27,20.42,20.79,20.27,20.4,20.41,-0.01,-0.05,8680.95,17758.961,2023-08-01
603639.SH,2017-11-27,47.56,47.65,46.56,46.69,47.56,-0.87,-1.83,6138.0,28837.757,2023-08-01
603658.SH,2017-11-27,51.83,52.39,51.11,51.43,51.95,-0.52,-1.0,4470.16,23130.561,2023-08-01
002229.SZ,2017-11-27,9.77,9.84,9.5,9.71,9.85,-0.14,-1.42,37304.12,36286.681,2023-08-01
002230.SZ,2017-11-27,63.51,64.59,60.91,61.55,63.24,-1.69,-2.67,589067.77,3724579.339,2023-08-01
002231.SZ,2017-11-27,11.22,11.22,10.5,10.88,11.22,-0.34,-3.03,27033.68,29266.268,2023-08-01
002232.SZ,2017-11-27,10.7,10.8,10.58,10.6,10.7,-0.1,-0.93,15751.54,16851.43,2023-08-01
002233.SZ,2017-11-27,11.28,11.65,11.28,11.4,11.27,0.13,1.15,118288.04,135257.093,2023-08-01
002234.SZ,2017-11-27,13.23,13.55,13.01,13.06,13.09,-0.03,-0.23,43853.01,58359.785,2023-08-01
002235.SZ,2017-11-27,10.39,10.8,10.28,10.66,10.49,0.17,1.62,36004.45,38094.484,2023-08-01
002236.SZ,2017-11-27,26.12,26.12,25.25,25.65,26.24,-0.59,-2.25,198509.22,508399.602,2023-08-01
002237.SZ,2017-11-27,10.64,10.65,10.5,10.54,10.65,-0.11,-1.03,61475.4,64891.282,2023-08-01
002238.SZ,2017-11-27,10.38,10.47,10.22,10.32,10.33,-0.01,-0.1,23450.87,24250.014,2023-08-01
002239.SZ,2017-11-27,4.1,4.1,4.0,4.0,4.12,-0.12,-2.91,253122.1,101952.184,2023-08-01
002240.SZ,2017-11-27,13.58,14.01,13.55,13.64,13.55,0.09,0.66,84538.31,116487.237,2023-08-01
002241.SZ,2017-11-27,20.5,20.72,20.18,20.45,20.83,-0.38,-1.82,226351.16,463031.681,2023-08-01
002242.SZ,2017-11-27,17.66,17.77,17.53,17.6,17.78,-0.18,-1.01,19870.43,35047.38,2023-08-01
002243.SZ,2017-11-27,8.27,8.32,8.22,8.22,8.28,-0.06,-0.72,10028.99,8296.601,2023-08-01
002244.SZ,2017-11-27,7.2,7.35,7.06,7.06,7.22,-0.16,-2.22,158040.99,113707.358,2023-08-01
002245.SZ,2017-11-27,9.75,10.06,9.55,9.79,9.73,0.06,0.62,322768.49,316769.456,2023-08-01
002246.SZ,2017-11-27,12.12,12.32,11.94,12.04,12.09,-0.05,-0.41,45498.55,55335.518,2023-08-01
002247.SZ,2017-11-27,13.55,13.76,13.35,13.6,13.6,0.0,0.0,36452.19,49481.722,2023-08-01
002249.SZ,2017-11-27,6.89,6.99,6.73,6.82,6.89,-0.07,-1.02,124413.54,85346.049,2023-08-01
002250.SZ,2017-11-27,11.04,11.08,10.77,10.85,11.01,-0.16,-1.45,42031.96,45729.391,2023-08-01
002251.SZ,2017-11-27,15.78,16.2,15.35,15.48,15.7,-0.22,-1.4,142764.21,226452.069,2023-08-01
002252.SZ,2017-11-27,19.7,19.86,19.7,19.72,19.73,-0.01,-0.05,20839.18,41178.462,2023-08-01
002204.SZ,2017-11-27,3.85,3.88,3.83,3.83,3.87,-0.04,-1.03,28553.0,11013.095,2023-08-01
002205.SZ,2017-11-27,18.18,18.69,18.02,18.19,18.22,-0.03,-0.16,10970.67,20170.268,2023-08-01
002206.SZ,2017-11-27,6.06,6.2,6.0,6.13,6.09,0.04,0.66,49279.02,30240.682,2023-08-01
002207.SZ,2017-11-27,7.42,7.74,7.42,7.62,7.8,-0.18,-2.31,36772.47,27808.034,2023-08-01
002208.SZ,2017-11-27,10.03,10.03,9.87,9.88,10.0,-0.12,-1.2,13756.0,13664.603,2023-08-01
002209.SZ,2017-11-27,12.24,12.36,11.91,12.02,12.24,-0.22,-1.8,9311.02,11245.078,2023-08-01
002210.SZ,2017-11-27,12.31,12.69,12.31,12.42,12.48,-0.06,-0.48,28614.51,35633.306,2023-08-01
002211.SZ,2017-11-27,8.08,8.59,8.04,8.34,8.09,0.25,3.09,88342.31,73159.179,2023-08-01
002212.SZ,2017-11-27,21.7,21.95,21.48,21.58,21.65,-0.07,-0.32,60664.23,131420.883,2023-08-01
002213.SZ,2017-11-27,22.37,22.49,22.02,22.47,22.49,-0.02,-0.09,8996.0,20031.719,2023-08-01
002214.SZ,2017-11-27,8.76,8.8,8.01,8.01,8.9,-0.89,-10.0,499816.02,412844.808,2023-08-01
002215.SZ,2017-11-27,6.84,6.87,6.71,6.79,6.81,-0.02,-0.29,39177.93,26608.461,2023-08-01
002216.SZ,2017-11-27,9.2,9.21,8.76,8.78,9.21,-0.43,-4.67,98364.64,88022.538,2023-08-01
002217.SZ,2017-11-27,10.05,10.19,9.98,10.02,10.05,-0.03,-0.3,106609.87,107702.477,2023-08-01
002218.SZ,2017-11-27,4.98,5.08,4.89,4.92,5.03,-0.11,-2.19,302375.39,150425.704,2023-08-01
002220.SZ,2017-11-27,7.46,7.46,7.28,7.3,7.46,-0.16,-2.14,13946.18,10295.868,2023-08-01
002221.SZ,2017-11-27,11.45,11.56,11.31,11.31,11.39,-0.08,-0.7,72065.92,82148.819,2023-08-01
002222.SZ,2017-11-27,21.01,21.13,19.61,19.9,21.12,-1.22,-5.78,238633.21,486208.731,2023-08-01
002223.SZ,2017-11-27,20.92,20.97,20.39,20.61,20.86,-0.25,-1.2,42454.5,87948.266,2023-08-01
002224.SZ,2017-11-27,9.03,9.1,8.91,8.99,9.03,-0.04,-0.44,29833.0,26890.043,2023-08-01
002225.SZ,2017-11-27,5.38,5.4,5.3,5.33,5.36,-0.03,-0.56,23026.0,12338.585,2023-08-01
002226.SZ,2017-11-27,6.04,6.04,5.9,5.91,6.01,-0.1,-1.66,36422.69,21719.389,2023-08-01
002227.SZ,2017-11-27,17.4,17.52,17.2,17.31,17.34,-0.03,-0.17,7523.0,13052.387,2023-08-01
002228.SZ,2017-11-27,4.5,4.53,4.37,4.44,4.49,-0.05,-1.11,44802.16,19986.787,2023-08-01
002091.SZ,2017-11-27,9.41,9.58,9.32,9.38,9.39,-0.01,-0.11,49083.41,46227.708,2023-08-01
002092.SZ,2017-11-27,13.65,13.83,13.43,13.51,13.59,-0.08,-0.59,164637.56,225040.547,2023-08-01
002093.SZ,2017-11-27,8.95,9.17,8.83,8.91,8.86,0.05,0.56,90635.08,81592.067,2023-08-01
002094.SZ,2017-11-27,17.88,18.25,17.83,18.0,17.9,0.1,0.56,44538.57,80358.891,2023-08-01
002095.SZ,2017-11-27,34.39,34.4,33.45,33.68,34.38,-0.7,-2.04,12777.0,43330.157,2023-08-01
002096.SZ,2017-11-27,8.47,8.48,8.37,8.44,8.48,-0.04,-0.47,10068.77,8478.118,2023-08-01
002097.SZ,2017-11-27,7.22,7.32,7.16,7.23,7.2,0.03,0.42,40561.67,29506.347,2023-08-01
002099.SZ,2017-11-27,6.27,6.3,6.1,6.13,6.27,-0.14,-2.23,53908.12,33420.536,2023-08-01
002100.SZ,2017-11-27,8.38,8.46,8.27,8.28,8.15,0.13,1.6,60679.19,50782.212,2023-08-01
002101.SZ,2017-11-27,20.69,21.46,20.35,21.32,20.89,0.43,2.06,22806.57,48228.593,2023-08-01
002102.SZ,2017-11-27,4.64,4.88,4.58,4.75,4.73,0.02,0.42,649796.95,308700.365,2023-08-01
002104.SZ,2017-11-27,8.82,8.93,8.73,8.82,8.86,-0.04,-0.45,41335.11,36521.158,2023-08-01
002105.SZ,2017-11-27,6.74,6.76,6.6,6.63,6.75,-0.12,-1.78,19840.66,13287.663,2023-08-01
002106.SZ,2017-11-27,9.4,10.35,9.35,9.83,9.41,0.42,4.46,174586.51,173619.758,2023-08-01
002107.SZ,2017-11-27,11.96,12.11,11.88,11.9,11.96,-0.06,-0.5,5004.0,5982.674,2023-08-01
002108.SZ,2017-11-27,12.05,12.12,11.88,11.9,12.06,-0.16,-1.33,83428.46,99955.712,2023-08-01
002109.SZ,2017-11-27,6.75,6.78,6.6,6.62,6.75,-0.13,-1.93,46480.0,30962.059,2023-08-01
002110.SZ,2017-11-27,17.23,17.23,16.73,17.23,15.66,1.57,10.03,685210.49,1179759.078,2023-08-01
002111.SZ,2017-11-27,15.45,15.64,15.41,15.46,15.42,0.04,0.26,8286.0,12837.201,2023-08-01
002112.SZ,2017-11-27,15.2,15.64,15.2,15.4,15.4,0.0,0.0,5976.39,9177.752,2023-08-01
002113.SZ,2017-11-27,12.25,12.71,12.22,12.6,12.35,0.25,2.02,130750.9,164076.202,2023-08-01
002114.SZ,2017-11-27,18.02,18.36,17.77,17.91,17.98,-0.07,-0.39,42002.79,75666.972,2023-08-01
000965.SZ,2017-11-27,5.76,5.88,5.73,5.79,5.77,0.02,0.35,47113.01,27357.471,2023-08-01
000966.SZ,2017-11-27,4.1,4.1,4.02,4.04,4.11,-0.07,-1.7,42759.82,17274.946,2023-08-01
000967.SZ,2017-11-27,9.39,9.4,9.16,9.16,9.42,-0.26,-2.76,32201.69,29782.471,2023-08-01
000968.SZ,2017-11-27,15.6,16.17,15.11,15.26,15.3,-0.04,-0.26,62547.74,97257.199,2023-08-01
000970.SZ,2017-11-27,14.55,14.6,14.03,14.11,14.53,-0.42,-2.89,163309.34,234083.57,2023-08-01
000972.SZ,2017-11-27,4.0,4.19,3.96,4.14,4.02,0.12,2.99,83188.4,34153.908,2023-08-01
000973.SZ,2017-11-27,6.57,6.61,6.55,6.57,6.57,0.0,0.0,51933.2,34168.285,2023-08-01
000975.SZ,2017-11-27,12.61,12.86,12.5,12.57,12.4,0.17,1.37,67422.31,85352.243,2023-08-01
000976.SZ,2017-11-27,8.6,8.61,8.34,8.49,8.54,-0.05,-0.59,32161.01,27292.012,2023-08-01
000977.SZ,2017-11-27,19.83,20.04,18.4,18.85,19.59,-0.74,-3.78,459606.12,891944.35,2023-08-01
000978.SZ,2017-11-27,8.53,8.56,8.38,8.4,8.53,-0.13,-1.52,24376.16,20575.576,2023-08-01
603328.SH,2017-11-27,13.81,14.14,13.3,13.8,13.83,-0.03,-0.22,63173.67,87205.622,2023-08-01
603333.SH,2017-11-27,6.43,6.45,6.3,6.43,6.43,0.0,0.0,12602.37,7993.674,2023-08-01
603338.SH,2017-11-27,70.35,70.54,67.49,67.54,70.28,-2.74,-3.9,7655.35,52558.115,2023-08-01
603339.SH,2017-11-27,23.97,23.97,23.56,23.67,23.67,0.0,0.0,7871.0,18682.593,2023-08-01
603355.SH,2017-11-27,43.53,45.78,43.51,44.92,43.43,1.49,3.43,10707.95,48020.819,2023-08-01
603358.SH,2017-11-27,40.05,40.33,39.51,39.96,40.1,-0.14,-0.35,9645.0,38476.242,2023-08-01
603366.SH,2017-11-27,6.33,6.4,6.27,6.29,6.33,-0.04,-0.63,39194.32,24778.403,2023-08-01
603368.SH,2017-11-27,46.34,46.34,44.99,45.77,46.35,-0.58,-1.25,10440.05,47580.238,2023-08-01
603369.SH,2017-11-27,14.1,14.29,13.86,14.03,14.11,-0.08,-0.57,63802.5,89751.558,2023-08-01
600477.SH,2017-11-27,10.78,11.07,10.59,10.81,10.95,-0.14,-1.28,160565.12,173925.196,2023-08-01
600478.SH,2017-11-27,7.73,7.78,7.51,7.53,7.78,-0.25,-3.21,109459.79,83445.062,2023-08-01
600479.SH,2017-11-27,13.15,13.27,13.11,13.15,13.18,-0.03,-0.23,12947.0,17069.842,2023-08-01
600480.SH,2017-11-27,15.2,15.45,14.97,15.28,15.17,0.11,0.73,43784.5,66703.99,2023-08-01
600481.SH,2017-11-27,4.31,4.31,4.23,4.23,4.28,-0.05,-1.17,27480.0,11724.264,2023-08-01
600482.SH,2017-11-27,26.0,26.21,25.27,25.68,26.31,-0.63,-2.39,89995.25,231168.859,2023-08-01
600483.SH,2017-11-27,7.75,7.82,7.69,7.75,7.75,0.0,0.0,16862.6,13045.417,2023-08-01
600486.SH,2017-11-27,43.66,45.46,43.31,45.03,43.9,1.13,2.57,18849.46,84176.656,2023-08-01
600488.SH,2017-11-27,4.82,4.85,4.77,4.84,4.81,0.03,0.62,18001.67,8677.163,2023-08-01
600489.SH,2017-11-27,9.71,9.82,9.69,9.77,9.77,0.0,0.0,118116.05,115208.704,2023-08-01
600490.SH,2017-11-27,10.0,10.08,9.01,9.08,9.92,-0.84,-8.47,734982.58,695702.079,2023-08-01
600491.SH,2017-11-27,9.91,9.94,9.76,9.85,9.92,-0.07,-0.71,47930.28,47094.898,2023-08-01
600493.SH,2017-11-27,8.08,8.22,8.05,8.09,8.12,-0.03,-0.37,26071.07,21184.787,2023-08-01
600495.SH,2017-11-27,6.77,6.96,6.72,6.74,6.71,0.03,0.45,133725.04,91303.079,2023-08-01
600496.SH,2017-11-27,4.22,4.29,4.16,4.24,4.2,0.04,0.95,204660.0,86752.168,2023-08-01
600497.SH,2017-11-27,6.49,6.67,6.45,6.51,6.5,0.01,0.15,540054.17,355241.781,2023-08-01
600498.SH,2017-11-27,32.65,32.65,29.6,30.07,32.83,-2.76,-8.41,234722.2,726683.895,2023-08-01
600499.SH,2017-11-27,11.35,11.52,10.93,11.01,11.42,-0.41,-3.59,349391.85,392573.74,2023-08-01
601368.SH,2017-11-27,9.3,9.36,9.22,9.23,9.27,-0.04,-0.43,13964.32,12957.088,2023-08-01
601369.SH,2017-11-27,7.61,7.68,7.4,7.56,7.65,-0.09,-1.18,172042.88,129850.148,2023-08-01
601375.SH,2017-11-27,7.12,7.18,7.05,7.06,7.09,-0.03,-0.42,98967.16,70221.158,2023-08-01
601377.SH,2017-11-27,7.82,7.94,7.77,7.89,7.87,0.02,0.25,290420.69,228667.593,2023-08-01
601388.SH,2017-11-27,4.12,4.18,4.05,4.07,4.12,-0.05,-1.21,341432.48,140599.23,2023-08-01
601390.SH,2017-11-27,8.69,8.91,8.65,8.69,8.67,0.02,0.23,509642.83,446938.747,2023-08-01
601398.SH,2017-11-27,6.04,6.04,5.92,5.98,6.07,-0.09,-1.48,3322823.32,1982702.596,2023-08-01
601515.SH,2017-11-27,10.08,10.08,9.93,9.99,10.08,-0.09,-0.89,11107.0,11087.783,2023-08-01
601518.SH,2017-11-27,3.56,3.59,3.55,3.57,3.58,-0.01,-0.28,18847.36,6729.995,2023-08-01
601519.SH,2017-11-27,4.72,4.77,4.6,4.68,4.73,-0.05,-1.06,51355.0,24152.725,2023-08-01
601555.SH,2017-11-27,10.6,10.82,10.52,10.7,10.62,0.08,0.75,162985.63,174326.349,2023-08-01
601566.SH,2017-11-27,14.11,14.2,14.08,14.14,14.11,0.03,0.21,11045.01,15615.458,2023-08-01
601567.SH,2017-11-27,10.38,10.43,10.15,10.16,10.4,-0.24,-2.31,16008.18,16400.291,2023-08-01
601579.SH,2017-11-27,12.0,12.2,11.91,12.01,12.06,-0.05,-0.41,6762.29,8144.671,2023-08-01
601588.SH,2017-11-27,5.6,5.66,5.48,5.6,5.65,-0.05,-0.89,60726.1,33718.19,2023-08-01
601595.SH,2017-11-27,19.32,19.5,19.11,19.25,19.38,-0.13,-0.67,8172.78,15768.631,2023-08-01
601599.SH,2017-11-27,6.5,6.5,6.12,6.24,6.5,-0.26,-4.0,129569.6,82347.241,2023-08-01
601601.SH,2017-11-27,44.65,44.95,43.24,44.86,44.9,-0.04,-0.09,315217.06,1391592.407,2023-08-01
601607.SH,2017-11-27,24.8,25.15,24.46,25.01,24.97,0.04,0.16,80727.66,200961.258,2023-08-01
600919.SH,2017-11-27,7.79,7.79,7.7,7.73,7.78,-0.05,-0.64,188316.71,145699.856,2023-08-01
600926.SH,2017-11-27,11.85,11.86,11.6,11.62,11.88,-0.26,-2.19,107042.11,125131.946,2023-08-01
600936.SH,2017-11-27,6.84,6.84,6.79,6.8,6.84,-0.04,-0.58,16527.0,11257.718,2023-08-01
600939.SH,2017-11-27,6.76,6.86,6.71,6.71,6.76,-0.05,-0.74,26296.0,17877.178,2023-08-01
600958.SH,2017-11-27,15.5,15.83,15.34,15.64,15.61,0.03,0.19,244834.89,382108.073,2023-08-01
600959.SH,2017-11-27,8.8,8.82,8.73,8.79,8.79,0.0,0.0,29868.7,26195.657,2023-08-01
600960.SH,2017-11-27,7.39,7.48,7.35,7.47,7.48,-0.01,-0.13,20900.92,15473.265,2023-08-01
600961.SH,2017-11-27,8.84,8.92,8.59,8.62,8.84,-0.22,-2.49,21537.95,18834.08,2023-08-01
600962.SH,2017-11-27,12.48,12.48,11.95,11.96,12.19,-0.23,-1.89,8601.0,10432.677,2023-08-01
600963.SH,2017-11-27,6.81,6.93,6.8,6.86,6.83,0.03,0.44,89825.64,61714.962,2023-08-01
600965.SH,2017-11-27,11.7,11.73,11.45,11.63,11.59,0.04,0.35,6427.0,7452.384,2023-08-01
600966.SH,2017-11-27,5.55,5.58,5.49,5.52,5.55,-0.03,-0.54,115359.04,63871.452,2023-08-01
600967.SH,2017-11-27,11.38,11.72,11.32,11.56,11.39,0.17,1.49,55817.27,64571.608,2023-08-01
600969.SH,2017-11-27,12.57,12.64,12.51,12.56,12.59,-0.03,-0.24,12889.35,16216.523,2023-08-01
600970.SH,2017-11-27,9.51,9.84,9.36,9.39,9.61,-0.22,-2.29,455347.84,437511.452,2023-08-01
600971.SH,2017-11-27,10.4,10.5,10.12,10.18,10.31,-0.13,-1.26,182855.47,188859.432,2023-08-01
600973.SH,2017-11-27,4.87,4.92,4.85,4.86,4.91,-0.05,-1.02,24990.64,12193.398,2023-08-01
600975.SH,2017-11-27,5.88,5.9,5.8,5.81,5.9,-0.09,-1.53,23133.0,13514.899,2023-08-01
600976.SH,2017-11-27,24.9,25.4,24.63,24.78,25.04,-0.26,-1.04,8259.2,20585.078,2023-08-01
600151.SH,2017-11-27,7.4,7.53,7.37,7.4,7.4,0.0,0.0,55439.53,41341.456,2023-08-01
600152.SH,2017-11-27,8.53,8.55,8.35,8.36,8.59,-0.23,-2.68,24892.58,21004.413,2023-08-01
600153.SH,2017-11-27,11.84,12.01,11.78,11.84,11.84,0.0,0.0,259917.56,309416.07,2023-08-01
600155.SH,2017-11-27,10.91,11.19,10.8,11.01,10.93,0.08,0.73,68412.9,75677.511,2023-08-01
600156.SH,2017-11-27,5.62,5.67,5.54,5.58,5.6,-0.02,-0.36,11588.0,6505.944,2023-08-01
600158.SH,2017-11-27,10.89,11.08,10.71,10.86,10.89,-0.03,-0.28,66128.0,72178.758,2023-08-01
600159.SH,2017-11-27,3.75,3.76,3.72,3.74,3.74,0.0,0.0,14036.0,5249.851,2023-08-01
600160.SH,2017-11-27,10.04,10.17,9.92,10.0,10.04,-0.04,-0.4,103190.82,103956.904,2023-08-01
600163.SH,2017-11-27,3.99,4.0,3.91,3.91,3.99,-0.08,-2.01,20522.95,8111.454,2023-08-01
600165.SH,2017-11-27,14.88,14.9,14.74,14.81,14.86,-0.05,-0.34,7917.0,11753.349,2023-08-01
600166.SH,2017-11-27,2.86,2.88,2.85,2.87,2.86,0.01,0.35,308107.46,88282.832,2023-08-01
600167.SH,2017-11-27,25.43,26.11,24.72,25.22,25.41,-0.19,-0.75,12500.27,31943.967,2023-08-01
600168.SH,2017-11-27,8.42,8.43,8.31,8.34,8.43,-0.09,-1.07,20084.78,16799.008,2023-08-01
600169.SH,2017-11-27,3.5,3.5,3.45,3.47,3.5,-0.03,-0.86,111461.03,38680.026,2023-08-01
600170.SH,2017-11-27,3.87,3.9,3.84,3.89,3.89,0.0,0.0,336643.1,130342.94,2023-08-01
600171.SH,2017-11-27,14.1,14.23,13.55,13.62,14.59,-0.97,-6.65,470468.78,652266.114,2023-08-01
600172.SH,2017-11-27,9.5,9.8,9.41,9.58,9.41,0.17,1.81,239711.63,230696.761,2023-08-01
600173.SH,2017-11-27,5.79,5.84,5.71,5.75,5.82,-0.07,-1.2,34076.8,19639.296,2023-08-01
600175.SH,2017-11-27,5.3,5.37,5.22,5.25,5.27,-0.02,-0.38,113981.53,60204.055,2023-08-01
000679.SZ,2017-11-27,7.93,8.15,7.36,7.36,7.94,-0.58,-7.3,90638.11,71822.35,2023-08-01
000680.SZ,2017-11-27,4.77,4.82,4.73,4.75,4.78,-0.03,-0.63,49847.61,23772.806,2023-08-01
600797.SH,2017-11-27,12.32,12.57,12.3,12.33,12.36,-0.03,-0.24,117138.45,145722.493,2023-08-01
600798.SH,2017-11-27,5.45,5.52,5.42,5.46,5.46,0.0,0.0,42884.69,23460.267,2023-08-01
600800.SH,2017-11-27,6.1,6.17,6.06,6.09,6.11,-0.02,-0.33,32931.5,20155.0,2023-08-01
600801.SH,2017-11-27,14.49,14.94,13.8,13.88,14.33,-0.45,-3.14,443346.6,642414.499,2023-08-01
600802.SH,2017-11-27,7.19,7.28,7.14,7.2,7.11,0.09,1.27,55961.26,40441.651,2023-08-01
600803.SH,2017-11-27,13.61,14.13,13.61,13.77,13.58,0.19,1.4,68389.24,95042.952,2023-08-01
600804.SH,2017-11-27,20.15,20.32,19.89,20.18,20.15,0.03,0.15,84029.95,169119.764,2023-08-01
600805.SH,2017-11-27,6.35,6.48,6.31,6.36,6.29,0.07,1.11,44456.19,28430.757,2023-08-01
600808.SH,2017-11-27,4.38,4.46,4.3,4.32,4.32,0.0,0.0,1092296.36,479215.893,2023-08-01
600809.SH,2017-11-27,49.44,51.23,47.77,49.53,50.27,-0.74,-1.47,61125.63,302203.627,2023-08-01
600810.SH,2017-11-27,7.06,7.17,7.06,7.12,7.1,0.02,0.28,9893.2,7058.758,2023-08-01
600811.SH,2017-11-27,4.68,4.74,4.65,4.68,4.68,0.0,0.0,63063.38,29613.762,2023-08-01
600812.SH,2017-11-27,5.04,5.08,5.01,5.05,5.06,-0.01,-0.2,30398.65,15337.496,2023-08-01
600814.SH,2017-11-27,9.35,9.79,9.17,9.18,9.32,-0.14,-1.5,141709.9,134118.503,2023-08-01
600815.SH,2017-11-27,4.17,4.27,4.16,4.2,4.2,0.0,0.0,23231.4,9813.749,2023-08-01
600816.SH,2017-11-27,13.61,13.78,13.44,13.65,13.63,0.02,0.15,187336.1,254485.471,2023-08-01
600817.SH,2017-11-27,12.6,12.69,12.41,12.45,12.6,-0.15,-1.19,3647.0,4577.416,2023-08-01
600819.SH,2017-11-27,5.98,5.99,5.92,5.96,5.98,-0.02,-0.33,13965.13,8327.813,2023-08-01
600600.SH,2017-11-27,31.9,32.17,31.0,31.17,32.02,-0.85,-2.65,39381.57,123183.853,2023-08-01
600601.SH,2017-11-27,3.66,3.71,3.61,3.64,3.66,-0.02,-0.55,79956.01,29281.892,2023-08-01
600602.SH,2017-11-27,6.56,6.64,6.49,6.5,6.54,-0.04,-0.61,33561.0,21989.434,2023-08-01
600603.SH,2017-11-27,7.35,7.47,7.34,7.35,7.39,-0.04,-0.54,23356.8,17292.014,2023-08-01
600604.SH,2017-11-27,7.25,7.33,7.03,7.07,7.28,-0.21,-2.88,102192.04,73401.112,2023-08-01
600605.SH,2017-11-27,14.24,14.27,14.1,14.18,14.2,-0.02,-0.14,3359.87,4756.504,2023-08-01
600606.SH,2017-11-27,7.25,7.3,7.16,7.17,7.24,-0.07,-0.97,377817.77,272543.794,2023-08-01
600609.SH,2017-11-27,4.96,4.97,4.83,4.89,5.0,-0.11,-2.2,73231.99,35833.124,2023-08-01
600610.SH,2017-11-27,5.86,5.92,5.85,5.88,5.87,0.01,0.17,26500.3,15590.672,2023-08-01
600611.SH,2017-11-27,5.12,5.13,5.04,5.05,5.13,-0.08,-1.56,86684.0,44004.557,2023-08-01
600612.SH,2017-11-27,40.0,40.0,39.25,39.32,40.03,-0.71,-1.77,7934.98,31408.378,2023-08-01
600613.SH,2017-11-27,8.96,8.98,8.86,8.87,8.96,-0.09,-1.0,13946.4,12402.894,2023-08-01
600614.SH,2017-11-27,11.62,11.68,11.38,11.52,11.66,-0.14,-1.2,35376.0,40772.191,2023-08-01
600615.SH,2017-11-27,13.59,13.59,13.2,13.27,13.54,-0.27,-1.99,13325.1,17817.033,2023-08-01
600616.SH,2017-11-27,9.72,9.73,9.5,9.59,9.69,-0.1,-1.03,10156.98,9734.247,2023-08-01
600617.SH,2017-11-27,8.27,8.71,8.2,8.36,7.99,0.37,4.63,160866.52,135059.665,2023-08-01
600618.SH,2017-11-27,11.75,11.75,11.0,11.2,11.71,-0.51,-4.36,78014.9,88297.755,2023-08-01
600196.SH,2017-11-27,38.41,38.41,36.81,37.34,38.41,-1.07,-2.79,161007.57,604414.443,2023-08-01
600197.SH,2017-11-27,21.01,21.68,20.43,21.16,21.12,0.04,0.19,62129.79,131292.042,2023-08-01
600199.SH,2017-11-27,8.03,8.03,7.74,7.8,8.07,-0.27,-3.35,85531.25,67272.355,2023-08-01
600200.SH,2017-11-27,11.86,11.96,11.83,11.85,11.88,-0.03,-0.25,30311.39,36024.13,2023-08-01
600201.SH,2017-11-27,28.06,28.45,27.73,28.21,28.35,-0.14,-0.49,67468.06,188339.065,2023-08-01
600203.SH,2017-11-27,9.21,9.43,8.96,8.99,9.24,-0.25,-2.71,77969.0,71322.338,2023-08-01
600206.SH,2017-11-27,11.33,11.69,11.06,11.44,11.33,0.11,0.97,686394.27,781330.032,2023-08-01
600207.SH,2017-11-27,6.25,6.3,6.22,6.27,6.27,0.0,0.0,9968.32,6235.17,2023-08-01
600208.SH,2017-11-27,5.1,5.25,4.76,4.77,5.09,-0.32,-6.29,908714.05,453195.638,2023-08-01
600210.SH,2017-11-27,5.01,5.04,4.99,5.0,5.02,-0.02,-0.4,68977.25,34591.924,2023-08-01
600211.SH,2017-11-27,37.62,37.93,37.34,37.38,37.88,-0.5,-1.32,2291.0,8621.611,2023-08-01
600212.SH,2017-11-27,9.68,9.84,9.48,9.55,9.7,-0.15,-1.55,28865.02,27630.681,2023-08-01
600213.SH,2017-11-27,9.64,9.75,9.52,9.55,9.66,-0.11,-1.14,19644.0,18939.632,2023-08-01
600215.SH,2017-11-27,11.93,12.41,11.66,12.16,11.89,0.27,2.27,156693.54,188521.851,2023-08-01
600216.SH,2017-11-27,13.15,13.31,12.61,13.13,13.1,0.03,0.23,289185.5,376029.824,2023-08-01
600217.SH,2017-11-27,7.18,7.48,7.18,7.27,7.27,0.0,0.0,221361.88,163122.124,2023-08-01
600218.SH,2017-11-27,7.67,7.7,7.54,7.58,7.66,-0.08,-1.04,12643.28,9641.95,2023-08-01
600219.SH,2017-11-27,3.7,3.73,3.66,3.67,3.69,-0.02,-0.54,455436.15,168526.102,2023-08-01
600220.SH,2017-11-27,3.27,3.28,3.22,3.24,3.27,-0.03,-0.92,41427.0,13468.157,2023-08-01
600221.SH,2017-11-27,3.21,3.21,3.15,3.16,3.22,-0.06,-1.86,484045.0,153945.005,2023-08-01
600807.SH,2017-11-27,12.45,12.96,12.32,12.7,12.39,0.31,2.5,788792.85,1000770.602,2023-08-01
603882.SH,2017-11-27,32.08,33.16,31.78,31.93,32.71,-0.78,-2.38,31847.31,102821.304,2023-08-01
603079.SH,2017-11-27,61.71,62.5,57.9,59.74,61.71,-1.97,-3.19,20633.66,124059.358,2023-08-01
603260.SH,2017-11-27,56.87,58.99,55.53,57.35,57.16,0.19,0.33,119114.71,685005.943,2023-08-01
603922.SH,2017-11-27,28.56,29.39,28.01,28.9,28.39,0.51,1.8,23178.91,66643.086,2023-08-01
603926.SH,2017-11-27,28.44,28.56,27.77,27.79,28.32,-0.53,-1.87,8546.0,24013.25,2023-08-01
601086.SH,2017-11-27,7.79,7.93,7.62,7.76,7.79,-0.03,-0.39,96301.06,75010.369,2023-08-01
603466.SH,2017-11-27,58.58,60.99,58.06,58.79,59.22,-0.43,-0.73,50944.63,303722.284,2023-08-01
603238.SH,2017-11-27,23.71,23.96,23.37,23.51,23.71,-0.2,-0.84,6491.58,15335.623,2023-08-01
603665.SH,2017-11-27,31.78,32.1,31.39,31.43,31.49,-0.06,-0.19,2126.0,6713.283,2023-08-01
603617.SH,2017-11-27,22.59,22.91,22.2,22.45,22.59,-0.14,-0.62,11729.59,26405.541,2023-08-01
603177.SH,2017-11-27,17.33,17.72,17.09,17.15,17.15,0.0,0.0,23984.48,41630.016,2023-08-01
603880.SH,2017-11-27,25.5,25.59,24.51,24.57,25.35,-0.78,-3.08,15402.63,38484.518,2023-08-01
603879.SH,2017-11-27,18.23,18.25,17.22,17.52,18.24,-0.72,-3.95,27583.4,48771.904,2023-08-01
600000.SH,2017-11-27,13.09,13.12,12.81,13.1,13.09,0.01,0.08,792502.73,1028510.255,2023-08-01
600004.SH,2017-11-27,14.39,14.47,14.05,14.11,14.38,-0.27,-1.88,150443.82,214531.295,2023-08-01
600006.SH,2017-11-27,5.69,5.71,5.63,5.65,5.68,-0.03,-0.53,46935.32,26588.182,2023-08-01
603767.SH,2017-11-27,16.17,16.29,15.95,16.07,16.29,-0.22,-1.35,13420.5,21662.283,2023-08-01
603668.SH,2017-11-27,11.68,11.9,11.64,11.75,11.68,0.07,0.6,14366.97,16931.98,2023-08-01
603345.SH,2017-11-27,23.6,24.06,23.46,23.58,23.53,0.05,0.21,18001.27,42914.093,2023-08-01
600566.SH,2017-11-27,37.41,37.54,36.18,36.38,37.41,-1.03,-2.75,39531.41,145293.981,2023-08-01
603031.SH,2017-11-27,25.29,25.55,25.06,25.1,25.35,-0.25,-0.99,3552.0,8972.154,2023-08-01
600767.SH,2017-11-27,6.56,6.61,6.55,6.59,6.58,0.01,0.15,10747.01,7078.988,2023-08-01
603738.SH,2017-11-27,25.0,25.34,24.52,24.97,25.0,-0.03,-0.12,1757.0,4408.567,2023-08-01
600198.SH,2017-11-27,15.0,15.19,14.17,14.31,14.88,-0.57,-3.83,442789.0,645062.442,2023-08-01
603189.SH,2017-11-27,17.5,17.55,17.16,17.19,17.43,-0.24,-1.38,7085.0,12329.22,2023-08-01
603823.SH,2017-11-27,18.0,18.16,17.7,17.86,18.18,-0.32,-1.76,12373.0,22127.743,2023-08-01
000655.SZ,2017-11-27,7.38,7.55,7.25,7.29,7.38,-0.09,-1.22,55097.81,40677.53,2023-08-01
601558.SH,2017-11-27,1.57,1.65,1.57,1.62,1.58,0.04,2.53,511816.0,83032.201,2023-08-01
603976.SH,2017-11-27,26.92,26.95,26.18,26.38,27.01,-0.63,-2.33,9294.8,24629.491,2023-08-01
603677.SH,2017-11-27,22.68,22.68,21.56,21.61,22.7,-1.09,-4.8,9181.04,20140.273,2023-08-01
603577.SH,2017-11-27,16.14,16.36,15.88,15.89,16.14,-0.25,-1.55,14078.5,22755.833,2023-08-01
603389.SH,2017-11-27,12.69,12.78,12.48,12.5,12.74,-0.24,-1.88,11089.28,13987.351,2023-08-01
603900.SH,2017-11-27,25.18,25.76,24.67,25.59,25.17,0.42,1.67,22947.42,58360.323,2023-08-01
002490.SZ,2017-11-27,4.97,5.08,4.91,4.96,4.96,0.0,0.0,44712.14,22443.413,2023-08-01
603181.SH,2017-11-27,23.3,24.53,22.9,23.83,23.1,0.73,3.16,33038.37,79056.898,2023-08-01
603086.SH,2017-11-27,46.68,46.8,42.87,43.47,47.63,-4.16,-8.73,48899.76,213283.583,2023-08-01
603179.SH,2017-11-27,40.03,41.07,39.8,40.17,40.1,0.07,0.17,7944.4,32099.002,2023-08-01
603689.SH,2017-11-27,16.02,16.02,15.46,15.58,16.08,-0.5,-3.11,22199.0,34814.646,2023-08-01
000659.SZ,2017-11-27,3.78,3.81,3.75,3.76,3.78,-0.02,-0.53,35835.0,13528.554,2023-08-01
603038.SH,2017-11-27,53.0,53.3,48.26,48.4,53.61,-5.21,-9.72,15781.5,78243.588,2023-08-01
603033.SH,2017-11-27,19.88,20.13,19.73,19.76,20.1,-0.34,-1.69,3023.2,6022.262,2023-08-01
603319.SH,2017-11-27,29.63,29.63,28.51,28.85,29.55,-0.7,-2.37,7199.99,20946.745,2023-08-01
603138.SH,2017-11-27,33.66,34.14,32.5,32.74,33.8,-1.06,-3.14,8332.37,27793.668,2023-08-01
603159.SH,2017-11-27,25.86,26.15,24.45,25.13,25.82,-0.69,-2.67,8594.53,21773.517,2023-08-01
000707.SZ,2017-11-27,6.13,6.13,6.03,6.09,6.13,-0.04,-0.65,15193.3,9242.432,2023-08-01
603578.SH,2017-11-27,30.9,31.19,30.3,30.74,30.5,0.24,0.79,10477.0,32209.167,2023-08-01
603638.SH,2017-11-27,30.2,31.1,29.8,30.03,28.58,1.45,5.07,22758.25,68814.203,2023-08-01
600202.SH,2017-11-27,8.32,8.32,8.32,8.32,9.24,-0.92,-9.96,17555.0,14605.76,2023-08-01
002134.SZ,2017-11-27,8.65,8.72,8.56,8.6,8.62,-0.02,-0.23,9414.35,8141.047,2023-08-01
603886.SH,2017-11-27,20.05,20.38,19.85,20.07,20.05,0.02,0.1,12622.0,25499.943,2023-08-01
603357.SH,2017-11-27,22.8,23.19,22.33,22.62,22.61,0.01,0.04,30460.28,69287.042,2023-08-01
002604.SZ,2017-11-27,9.0,9.0,8.7,8.74,9.01,-0.27,-3.0,103313.21,90685.838,2023-08-01
603615.SH,2017-11-27,14.24,14.32,14.1,14.1,14.26,-0.16,-1.12,8030.0,11389.605,2023-08-01
603337.SH,2017-11-27,50.36,51.29,49.05,49.08,51.03,-1.95,-3.82,7054.0,35104.149,2023-08-01
600896.SH,2017-11-27,7.23,7.32,7.01,7.02,7.27,-0.25,-3.44,22829.54,16354.216,2023-08-01
603330.SH,2017-11-27,40.21,40.38,38.15,38.39,41.49,-3.1,-7.47,20418.35,80030.841,2023-08-01
601798.SH,2017-11-27,9.25,9.29,9.13,9.18,9.32,-0.14,-1.5,9610.0,8851.213,2023-08-01
600701.SH,2017-11-27,11.6,11.78,11.47,11.51,11.66,-0.15,-1.29,66797.97,77411.525,2023-08-01
600539.SH,2017-11-27,17.08,17.08,16.96,17.01,17.08,-0.07,-0.41,1662.0,2825.836,2023-08-01
603058.SH,2017-11-27,19.05,19.5,18.91,19.26,19.06,0.2,1.05,5601.0,10742.937,2023-08-01
002185.SZ,2017-11-27,8.31,8.33,7.7,7.79,8.31,-0.52,-6.26,846545.65,680170.122,2023-08-01
600636.SH,2017-11-27,12.47,12.77,12.43,12.56,12.47,0.09,0.72,21031.82,26516.703,2023-08-01
603090.SH,2017-11-27,20.81,21.16,20.06,20.18,20.79,-0.61,-2.93,5035.29,10404.761,2023-08-01
600397.SH,2017-11-27,3.78,3.81,3.75,3.77,3.78,-0.01,-0.26,29964.7,11328.258,2023-08-01
603360.SH,2017-11-27,22.8,23.09,22.45,22.48,22.79,-0.31,-1.36,4150.0,9459.906,2023-08-01
603826.SH,2017-11-27,15.47,15.56,15.09,15.1,15.45,-0.35,-2.27,15307.73,23431.067,2023-08-01
603041.SH,2017-11-27,22.98,23.27,22.66,22.9,22.98,-0.08,-0.35,5215.76,11977.885,2023-08-01
603303.SH,2017-11-27,14.5,14.59,14.27,14.31,14.52,-0.21,-1.45,17632.78,25372.614,2023-08-01
603089.SH,2017-11-27,26.55,26.55,25.9,25.96,26.56,-0.6,-2.26,4891.38,12810.377,2023-08-01
600540.SH,2017-11-27,4.87,4.93,4.83,4.88,4.88,0.0,0.0,20877.57,10196.138,2023-08-01
603133.SH,2017-11-27,33.95,33.95,31.0,31.97,33.85,-1.88,-5.55,18769.8,61769.814,2023-08-01
603035.SH,2017-11-27,17.21,17.25,16.86,16.92,17.25,-0.33,-1.91,15409.88,26247.865,2023-08-01
603990.SH,2017-11-27,34.7,34.77,33.18,33.37,34.88,-1.51,-4.33,3067.0,10333.001,2023-08-01
603081.SH,2017-11-27,23.7,23.72,22.88,23.15,23.92,-0.77,-3.22,37156.14,86342.658,2023-08-01
601952.SH,2017-11-27,12.86,13.16,12.69,12.88,12.83,0.05,0.39,54109.33,69947.343,2023-08-01
603817.SH,2017-11-27,12.65,12.82,12.5,12.53,12.65,-0.12,-0.95,13432.0,16940.584,2023-08-01
002194.SZ,2017-11-27,13.18,13.39,11.8,11.95,13.06,-1.11,-8.5,242256.95,303574.447,2023-08-01
603203.SH,2017-11-27,43.25,43.25,40.0,41.16,42.8,-1.64,-3.83,11803.22,49307.639,2023-08-01
603896.SH,2017-11-27,55.0,55.45,49.28,49.56,54.76,-5.2,-9.5,29578.92,153302.602,2023-08-01
600321.SH,2017-11-27,4.2,4.3,4.19,4.27,4.25,0.02,0.47,85118.0,36243.968,2023-08-01
603535.SH,2017-11-27,27.1,27.17,26.19,26.25,26.93,-0.68,-2.53,13192.66,35023.982,2023-08-01
603758.SH,2017-11-27,18.15,18.38,17.72,17.8,18.34,-0.54,-2.94,65020.3,117247.05,2023-08-01
000893.SZ,2017-11-27,7.44,7.49,7.35,7.44,7.54,-0.1,-1.33,17709.8,13115.651,2023-08-01
603078.SH,2017-11-27,92.0,92.0,86.0,86.05,93.06,-7.01,-7.53,4271.0,37986.436,2023-08-01
600749.SH,2017-11-27,20.25,21.05,20.25,20.35,20.56,-0.21,-1.02,6347.27,13012.596,2023-08-01
603331.SH,2017-11-27,20.01,20.19,19.6,19.71,20.0,-0.29,-1.45,10381.0,20638.54,2023-08-01
601949.SH,2017-11-27,7.53,7.62,7.38,7.43,7.53,-0.1,-1.33,81715.0,61527.759,2023-08-01
603667.SH,2017-11-27,22.56,23.22,22.35,22.91,22.49,0.42,1.87,4773.24,10970.949,2023-08-01
603987.SH,2017-11-27,11.88,12.28,11.88,11.99,12.62,-0.63,-4.99,24991.93,30188.387,2023-08-01
002122.SZ,2017-11-27,10.11,10.2,10.1,10.11,10.19,-0.08,-0.79,36218.72,36790.738,2023-08-01
603269.SH,2017-11-27,23.99,24.1,23.51,23.84,24.05,-0.21,-0.87,7650.76,18228.094,2023-08-01
603229.SH,2017-11-27,16.88,17.06,16.73,16.81,16.91,-0.1,-0.59,4986.65,8433.556,2023-08-01
600871.SH,2017-11-27,2.98,2.99,2.96,2.96,3.0,-0.04,-1.33,110659.01,32916.712,2023-08-01
603656.SH,2017-11-27,32.76,33.0,31.81,31.92,32.95,-1.03,-3.13,7235.0,23406.658,2023-08-01
002018.SZ,2017-11-27,7.1,7.13,7.0,7.05,7.08,-0.03,-0.42,55179.29,39032.364,2023-08-01
603040.SH,2017-11-27,77.73,77.73,73.8,74.2,77.64,-3.44,-4.43,8991.7,68013.673,2023-08-01
603232.SH,2017-11-27,52.25,52.3,47.92,48.11,52.07,-3.96,-7.61,8251.0,40924.531,2023-08-01
603458.SH,2017-11-27,73.4,73.91,68.2,69.01,73.65,-4.64,-6.3,34323.38,241480.401,2023-08-01
603007.SH,2017-11-27,13.95,13.95,13.6,13.73,13.8,-0.07,-0.51,17993.5,24864.965,2023-08-01
603839.SH,2017-11-27,22.7,22.9,22.7,22.75,22.75,0.0,0.0,10477.0,23850.077,2023-08-01
603906.SH,2017-11-27,17.18,17.21,16.93,17.17,17.24,-0.07,-0.41,5753.84,9815.328,2023-08-01
000720.SZ,2017-11-27,4.09,4.2,4.08,4.17,4.12,0.05,1.21,30682.2,12718.931,2023-08-01
603819.SH,2017-11-27,19.16,19.2,17.98,18.68,19.44,-0.76,-3.91,10509.48,19478.402,2023-08-01
002552.SZ,2017-11-27,10.9,11.04,10.72,10.95,10.93,0.02,0.18,16252.0,17689.424,2023-08-01
603416.SH,2017-11-27,31.7,32.12,31.39,31.52,31.74,-0.22,-0.69,5833.89,18505.847,2023-08-01
603602.SH,2017-11-27,52.0,52.5,47.55,47.55,52.83,-5.28,-9.99,31021.1,152524.867,2023-08-01
603200.SH,2017-11-27,41.1,41.5,39.5,39.95,41.25,-1.3,-3.15,9204.51,37255.323,2023-08-01
603335.SH,2017-11-27,11.3,11.59,11.26,11.28,11.37,-0.09,-0.79,24637.67,28189.423,2023-08-01
603630.SH,2017-11-27,28.81,28.81,27.9,28.01,28.81,-0.8,-2.78,7412.56,20974.886,2023-08-01
603266.SH,2017-11-27,28.97,29.2,28.61,29.02,29.21,-0.19,-0.65,4729.79,13666.973,2023-08-01
603955.SH,2017-11-27,51.25,51.55,46.94,47.06,51.77,-4.71,-9.1,31712.85,154944.639,2023-08-01
603966.SH,2017-11-27,17.74,18.23,17.74,17.93,17.73,0.2,1.13,9738.18,17475.201,2023-08-01
603197.SH,2017-11-27,52.3,52.44,49.39,49.51,52.64,-3.13,-5.95,14946.8,76192.387,2023-08-01
603679.SH,2017-11-27,23.8,24.19,23.7,23.98,24.18,-0.2,-0.83,4607.09,10995.459,2023-08-01
600778.SH,2017-11-27,6.38,6.38,6.25,6.3,6.37,-0.07,-1.1,10117.0,6400.395,2023-08-01
603859.SH,2017-11-27,21.17,21.67,20.75,21.34,21.26,0.08,0.38,10908.02,23373.776,2023-08-01
600408.SH,2017-11-27,3.32,3.36,3.26,3.27,3.35,-0.08,-2.39,74099.0,24600.416,2023-08-01
603903.SH,2017-11-27,37.7,39.59,37.7,38.44,38.02,0.42,1.1,21771.53,84466.545,2023-08-01
000422.SZ,2017-11-27,4.27,4.3,4.24,4.25,4.26,-0.01,-0.23,57654.6,24627.506,2023-08-01
603825.SH,2017-11-27,34.66,34.66,31.76,31.85,34.7,-2.85,-8.21,16015.74,52713.742,2023-08-01
603538.SH,2017-11-27,25.89,27.03,25.6,26.6,25.81,0.79,3.06,13688.93,36164.848,2023-08-01
603501.SH,2017-11-27,34.68,35.32,32.55,32.55,36.17,-3.62,-10.01,96561.45,325383.611,2023-08-01
603388.SH,2017-11-27,19.29,19.7,18.9,19.04,19.29,-0.25,-1.3,12144.0,23506.271,2023-08-01
603488.SH,2017-11-27,16.92,17.2,16.81,16.94,16.92,0.02,0.12,16006.86,27254.739,2023-08-01
603505.SH,2017-11-27,19.74,20.33,19.5,19.98,19.73,0.25,1.27,49222.1,97950.504,2023-08-01
603811.SH,2017-11-27,30.65,30.78,30.15,30.21,30.73,-0.52,-1.69,4148.91,12615.647,2023-08-01
603648.SH,2017-11-27,21.54,22.22,21.01,21.64,21.54,0.1,0.46,77667.64,167745.573,2023-08-01
603037.SH,2017-11-27,27.02,27.02,26.39,26.43,27.03,-0.6,-2.22,4406.1,11761.064,2023-08-01
603316.SH,2017-11-27,14.27,14.36,14.13,14.21,14.27,-0.06,-0.42,7742.79,11025.592,2023-08-01
603725.SH,2017-11-27,18.8,19.26,18.3,18.99,18.79,0.2,1.06,14932.31,28103.608,2023-08-01
603768.SH,2017-11-27,19.71,19.88,19.58,19.65,19.66,-0.01,-0.05,8944.33,17608.408,2023-08-01
603139.SH,2017-11-27,26.25,26.39,25.9,26.24,26.24,0.0,0.0,4283.0,11225.25,2023-08-01
603365.SH,2017-11-27,26.86,27.27,25.36,25.47,28.02,-2.55,-9.1,181861.72,478945.219,2023-08-01
603106.SH,2017-11-27,23.13,24.0,22.92,23.45,23.16,0.29,1.25,41271.68,96916.192,2023-08-01
603278.SH,2017-11-27,26.15,26.98,25.26,26.2,26.44,-0.24,-0.91,74896.91,196660.406,2023-08-01
603499.SH,2017-11-27,23.81,24.47,23.54,23.88,23.72,0.16,0.67,21094.01,50717.29,2023-08-01
603103.SH,2017-11-27,29.75,29.89,28.8,28.83,29.87,-1.04,-3.48,27725.57,81337.766,2023-08-01
603055.SH,2017-11-27,16.7,17.18,16.21,17.06,16.64,0.42,2.52,43260.9,72821.864,2023-08-01
603722.SH,2017-11-27,49.03,50.69,48.1,48.65,47.8,0.85,1.78,53867.99,266373.982,2023-08-01
603527.SH,2017-11-27,27.84,29.5,27.49,28.09,27.73,0.36,1.3,28962.47,82416.119,2023-08-01
603063.SH,2017-11-27,19.42,19.59,19.28,19.31,19.36,-0.05,-0.26,11211.06,21732.533,2023-08-01
603496.SH,2017-11-27,34.5,34.79,32.83,32.96,34.34,-1.38,-4.02,11112.0,37498.13,2023-08-01
603178.SH,2017-11-27,14.8,14.8,14.5,14.51,14.79,-0.28,-1.89,10445.36,15301.44,2023-08-01
603557.SH,2017-11-27,16.16,16.39,16.05,16.15,16.14,0.01,0.06,10003.32,16215.179,2023-08-01
603776.SH,2017-11-27,56.95,57.0,54.76,54.93,56.94,-2.01,-3.53,11514.78,64408.663,2023-08-01
603937.SH,2017-11-27,22.56,24.59,22.3,24.59,22.35,2.24,10.02,117091.7,277179.659,2023-08-01
603326.SH,2017-11-27,19.8,19.8,19.18,19.22,19.72,-0.5,-2.54,8604.0,16773.148,2023-08-01
002248.SZ,2017-11-27,5.33,5.49,5.3,5.33,5.52,-0.19,-3.44,63367.84,34038.522,2023-08-01
603396.SH,2017-11-27,44.04,44.44,42.32,42.57,44.09,-1.52,-3.45,21648.48,93652.314,2023-08-01
603605.SH,2017-11-27,33.77,34.44,31.7,31.7,35.22,-3.52,-9.99,151230.59,499562.379,2023-08-01
603536.SH,2017-11-27,20.39,20.98,20.39,20.66,20.82,-0.16,-0.77,7388.0,15223.522,2023-08-01
603320.SH,2017-11-27,27.34,27.89,27.01,27.47,27.31,0.16,0.59,22416.69,61847.819,2023-08-01
603683.SH,2017-11-27,20.4,21.08,20.25,20.5,20.42,0.08,0.39,26880.44,55532.591,2023-08-01
002570.SZ,2017-11-27,8.18,8.25,8.05,8.06,8.33,-0.27,-3.24,106031.0,86384.614,2023-08-01
600193.SH,2017-11-27,6.01,6.07,5.85,5.87,6.03,-0.16,-2.65,41486.04,24728.846,2023-08-01
000818.SZ,2017-11-27,11.81,11.87,11.18,11.42,11.79,-0.37,-3.14,79437.21,92294.783,2023-08-01
603985.SH,2017-11-27,39.45,39.78,38.9,39.06,39.62,-0.56,-1.41,4865.0,19058.555,2023-08-01
603908.SH,2017-11-27,38.31,38.54,36.75,36.9,38.26,-1.36,-3.55,4858.51,18219.657,2023-08-01
603637.SH,2017-11-27,22.95,22.95,22.3,22.79,22.69,0.1,0.44,4368.76,9886.123,2023-08-01
300344.SZ,2017-11-27,11.02,12.01,11.02,11.57,11.09,0.48,4.33,222562.14,257653.078,2023-08-01
603323.SH,2017-11-27,8.38,8.38,8.14,8.18,8.51,-0.33,-3.88,92408.54,75873.466,2023-08-01
603716.SH,2017-11-27,47.66,49.04,47.59,47.78,47.74,0.04,0.08,3209.42,15491.253,2023-08-01
601500.SH,2017-11-27,9.71,9.78,9.58,9.62,9.71,-0.09,-0.93,17644.4,17020.805,2023-08-01
603386.SH,2017-11-27,15.6,15.85,15.15,15.4,15.59,-0.19,-1.22,25806.52,39981.97,2023-08-01
002600.SZ,2017-11-27,9.72,9.72,9.14,9.16,9.65,-0.49,-5.08,516782.66,481716.962,2023-08-01
603607.SH,2017-11-27,45.99,47.5,45.5,46.97,46.51,0.46,0.99,28720.12,134536.05,2023-08-01
603978.SH,2017-11-27,92.0,92.5,83.5,83.7,92.75,-9.05,-9.76,18107.05,158064.308,2023-08-01
603860.SH,2017-11-27,37.23,37.23,35.57,35.69,37.23,-1.54,-4.14,5382.0,19576.364,2023-08-01
603036.SH,2017-11-27,18.53,18.78,18.05,18.19,18.49,-0.3,-1.62,21464.0,39514.323,2023-08-01
603096.SH,2017-11-27,63.5,63.5,59.57,60.3,63.76,-3.46,-5.43,5884.0,36306.962,2023-08-01
603383.SH,2017-11-27,52.9,53.06,48.4,49.02,53.78,-4.76,-8.85,30104.8,149738.961,2023-08-01
603912.SH,2017-11-27,28.47,30.18,27.13,28.71,28.45,0.26,0.91,186208.71,537311.786,2023-08-01
603196.SH,2017-11-27,11.84,11.91,11.57,11.64,11.91,-0.27,-2.27,13999.74,16438.35,2023-08-01
603797.SH,2017-11-27,18.02,18.17,17.66,17.81,17.89,-0.08,-0.45,24671.9,44272.999,2023-08-01
603707.SH,2017-11-27,26.14,26.8,25.17,26.21,26.38,-0.17,-0.64,28022.73,72224.71,2023-08-01
600403.SH,2017-11-27,4.6,4.68,4.56,4.63,4.58,0.05,1.09,11732.03,5428.911,2023-08-01
603083.SH,2017-11-27,54.0,55.89,50.57,50.62,56.19,-5.57,-9.91,138845.84,730927.992,2023-08-01
603129.SH,2017-11-27,28.25,28.63,27.62,27.82,28.25,-0.43,-1.52,9652.73,27037.153,2023-08-01
603980.SH,2017-11-27,20.12,20.24,19.96,20.01,20.08,-0.07,-0.35,17665.07,35502.343,2023-08-01
600933.SH,2017-11-27,19.0,19.58,18.1,18.21,19.76,-1.55,-7.84,252447.97,474478.801,2023-08-01
603855.SH,2017-11-27,12.2,12.33,12.11,12.12,12.22,-0.1,-0.82,11281.0,13776.267,2023-08-01
603180.SH,2017-11-27,112.5,115.64,112.49,113.68,113.35,0.33,0.29,4939.0,56337.993,2023-08-01
002400.SZ,2017-11-27,6.04,6.1,5.89,6.05,6.01,0.04,0.67,184488.66,110679.911,2023-08-01
600425.SH,2017-11-27,3.77,3.9,3.77,3.84,3.77,0.07,1.86,135327.22,52090.977,2023-08-01
601108.SH,2017-11-27,18.6,19.38,18.16,18.94,18.66,0.28,1.5,404175.27,763795.875,2023-08-01
603633.SH,2017-11-27,18.97,19.13,18.64,18.82,18.9,-0.08,-0.42,5874.0,11101.251,2023-08-01
300708.SZ,2017-11-27,27.18,27.79,26.6,27.11,27.16,-0.05,-0.18,140843.51,383894.412,2023-08-01
300709.SZ,2017-11-27,78.13,81.29,78.13,78.84,78.72,0.12,0.15,17193.37,136965.69,2023-08-01
300710.SZ,2017-11-27,46.0,46.3,42.5,42.71,45.17,-2.46,-5.45,18721.25,83011.316,2023-08-01
300711.SZ,2017-11-27,26.48,27.3,25.66,25.95,27.0,-1.05,-3.89,70957.55,187482.442,2023-08-01
300712.SZ,2017-11-27,27.3,27.6,25.81,25.84,27.45,-1.61,-5.87,36337.56,95684.93,2023-08-01
300713.SZ,2017-11-27,94.91,96.97,92.59,93.25,94.11,-0.86,-0.91,13555.9,128440.487,2023-08-01
300715.SZ,2017-11-27,39.66,39.89,36.49,36.49,40.54,-4.05,-9.99,33429.4,126337.182,2023-08-01
300716.SZ,2017-11-27,26.58,26.93,25.12,25.16,27.0,-1.84,-6.81,52632.51,136770.975,2023-08-01
300717.SZ,2017-11-27,38.77,40.37,38.47,39.0,39.22,-0.22,-0.56,24205.01,95123.583,2023-08-01
300718.SZ,2017-11-27,42.11,43.73,41.68,42.06,42.2,-0.14,-0.33,31462.15,134313.361,2023-08-01
300719.SZ,2017-11-27,28.0,29.13,26.9,27.1,28.19,-1.09,-3.87,74930.34,210300.941,2023-08-01
300720.SZ,2017-11-27,32.9,34.08,32.43,32.63,32.91,-0.28,-0.85,31055.7,103087.459,2023-08-01
300721.SZ,2017-11-27,36.21,36.5,34.53,34.53,38.37,-3.84,-10.01,63354.07,223469.444,2023-08-01
300722.SZ,2017-11-27,37.0,37.0,37.0,37.0,33.64,3.36,9.99,22184.0,82080.8,2023-08-01
300723.SZ,2017-11-27,43.0,43.0,39.16,39.16,43.51,-4.35,-10.0,128614.94,512814.844,2023-08-01
300725.SZ,2017-11-27,46.53,46.53,46.53,46.53,42.3,4.23,10.0,1223.0,5690.619,2023-08-01
300726.SZ,2017-11-27,23.54,23.54,23.54,23.54,21.4,2.14,10.0,215.96,508.369,2023-08-01
300727.SZ,2017-11-27,10.01,12.01,10.01,12.01,8.34,3.67,44.0,89.86,105.221,2023-08-01
300354.SZ,2017-11-27,13.21,13.38,13.01,13.25,13.21,0.04,0.3,8570.44,11328.351,2023-08-01
300355.SZ,2017-11-27,12.18,12.58,11.89,12.26,12.21,0.05,0.41,430364.13,529242.835,2023-08-01
300356.SZ,2017-11-27,7.24,7.28,7.15,7.15,7.3,-0.15,-2.05,16631.0,11967.044,2023-08-01
300357.SZ,2017-11-27,45.75,46.2,44.63,44.8,45.62,-0.82,-1.8,12590.6,57304.388,2023-08-01
300530.SZ,2017-11-27,40.77,41.08,40.42,40.46,41.0,-0.54,-1.32,1185.0,4821.61,2023-08-01
300531.SZ,2017-11-27,16.89,16.96,16.3,16.37,16.88,-0.51,-3.02,14067.54,23479.036,2023-08-01
300532.SZ,2017-11-27,22.48,23.03,22.32,22.4,22.64,-0.24,-1.06,7591.74,17281.319,2023-08-01
300533.SZ,2017-11-27,56.7,58.48,56.21,57.17,56.81,0.36,0.63,4988.0,28743.648,2023-08-01
300534.SZ,2017-11-27,11.57,11.8,11.33,11.54,11.57,-0.03,-0.26,33960.0,39420.256,2023-08-01
300535.SZ,2017-11-27,53.35,54.2,48.85,50.07,54.25,-4.18,-7.71,24435.0,126227.572,2023-08-01
300536.SZ,2017-11-27,15.87,16.13,15.25,15.52,15.87,-0.35,-2.21,19071.65,30097.155,2023-08-01
300537.SZ,2017-11-27,16.7,16.84,16.32,16.34,16.7,-0.36,-2.16,7416.6,12312.268,2023-08-01
300538.SZ,2017-11-27,38.06,38.45,37.1,37.63,38.23,-0.6,-1.57,2897.46,11023.436,2023-08-01
300539.SZ,2017-11-27,11.37,11.4,11.06,11.17,11.37,-0.2,-1.76,16978.0,19110.507,2023-08-01
300540.SZ,2017-11-27,25.16,25.16,23.06,24.5,25.07,-0.57,-2.27,3241.05,8001.403,2023-08-01
300541.SZ,2017-11-27,24.19,24.48,23.8,24.25,24.0,0.25,1.04,4888.95,11814.138,2023-08-01
300542.SZ,2017-11-27,27.44,29.82,27.01,27.8,27.12,0.68,2.51,15641.22,44181.593,2023-08-01
300543.SZ,2017-11-27,31.4,32.0,31.08,31.27,31.41,-0.14,-0.45,10390.2,32882.554,2023-08-01
300545.SZ,2017-11-27,66.12,71.08,64.42,69.59,66.58,3.01,4.52,9724.59,66131.905,2023-08-01
300546.SZ,2017-11-27,22.78,22.98,22.55,22.55,22.77,-0.22,-0.97,6339.5,14417.767,2023-08-01
300547.SZ,2017-11-27,56.85,57.49,55.0,55.02,57.53,-2.51,-4.36,6572.88,36741.924,2023-08-01
300548.SZ,2017-11-27,50.98,50.99,47.3,47.78,51.32,-3.54,-6.9,11768.53,58037.963,2023-08-01
603663.SH,2017-11-27,21.5,21.95,21.3,21.38,21.48,-0.1,-0.47,4117.0,8887.874,2023-08-01
603660.SH,2017-11-27,33.08,33.08,30.53,31.71,33.13,-1.42,-4.29,22073.42,70279.15,2023-08-01
603559.SH,2017-11-27,52.28,52.28,47.3,47.3,52.56,-5.26,-10.01,104559.0,508542.138,2023-08-01
300427.SZ,2017-11-27,14.12,14.21,13.68,13.85,14.3,-0.45,-3.15,30957.99,43019.476,2023-08-01
300428.SZ,2017-11-27,17.8,19.03,17.78,19.03,17.3,1.73,10.0,17263.8,32602.66,2023-08-01
300429.SZ,2017-11-27,23.16,23.68,22.9,23.5,23.57,-0.07,-0.3,18413.28,43037.229,2023-08-01
300430.SZ,2017-11-27,20.7,20.7,20.03,20.35,20.63,-0.28,-1.36,10886.95,21996.255,2023-08-01
300432.SZ,2017-11-27,18.71,18.93,18.2,18.27,18.91,-0.64,-3.38,22294.11,41091.294,2023-08-01
300433.SZ,2017-11-27,33.57,34.75,32.62,33.6,33.84,-0.24,-0.71,121183.23,409002.731,2023-08-01
300434.SZ,2017-11-27,24.74,25.06,24.26,24.6,24.99,-0.39,-1.56,3210.0,7893.91,2023-08-01
300435.SZ,2017-11-27,16.2,16.31,16.0,16.24,16.21,0.03,0.19,3738.0,6058.459,2023-08-01
300436.SZ,2017-11-27,33.96,34.38,33.7,33.79,33.96,-0.17,-0.5,5472.0,18622.54,2023-08-01
300437.SZ,2017-11-27,16.11,16.3,15.85,15.97,15.87,0.1,0.63,6500.6,10457.842,2023-08-01
300438.SZ,2017-11-27,28.35,29.24,28.12,28.33,28.35,-0.02,-0.07,33255.97,95663.545,2023-08-01
300439.SZ,2017-11-27,20.33,20.33,19.66,19.72,20.34,-0.62,-3.05,22571.47,45114.902,2023-08-01
300440.SZ,2017-11-27,10.64,10.69,10.48,10.57,10.63,-0.06,-0.56,24627.62,26052.213,2023-08-01
300441.SZ,2017-11-27,24.68,24.68,23.76,23.76,24.48,-0.72,-2.94,10164.8,24536.251,2023-08-01
300442.SZ,2017-11-27,22.56,22.95,22.38,22.41,22.61,-0.2,-0.88,5765.66,13078.404,2023-08-01
300443.SZ,2017-11-27,18.21,18.27,17.86,18.02,18.19,-0.17,-0.93,7973.37,14434.535,2023-08-01
300445.SZ,2017-11-27,16.49,16.49,16.18,16.32,16.39,-0.07,-0.43,4036.0,6583.752,2023-08-01
300446.SZ,2017-11-27,23.19,23.73,22.75,23.28,23.01,0.27,1.17,11484.44,26888.07,2023-08-01
300447.SZ,2017-11-27,20.78,20.88,19.0,19.71,20.9,-1.19,-5.69,19389.41,38925.926,2023-08-01
300448.SZ,2017-11-27,21.85,22.18,21.6,21.67,21.85,-0.18,-0.82,1910.42,4161.604,2023-08-01
300549.SZ,2017-11-27,23.5,23.75,23.01,23.35,23.4,-0.05,-0.21,4346.0,10176.804,2023-08-01
300550.SZ,2017-11-27,33.25,33.46,31.76,32.51,33.24,-0.73,-2.2,2229.0,7255.311,2023-08-01
300551.SZ,2017-11-27,26.65,26.85,26.31,26.52,26.7,-0.18,-0.67,3735.01,9936.407,2023-08-01
300552.SZ,2017-11-27,26.56,27.14,26.33,26.53,26.75,-0.22,-0.82,4258.95,11398.89,2023-08-01
300553.SZ,2017-11-27,44.5,45.33,44.0,44.15,44.83,-0.68,-1.52,1397.0,6230.658,2023-08-01
300554.SZ,2017-11-27,68.2,69.88,66.31,66.5,67.38,-0.88,-1.31,8672.08,58900.158,2023-08-01
300555.SZ,2017-11-27,13.07,13.13,12.77,12.78,13.04,-0.26,-1.99,8708.95,11277.714,2023-08-01
300556.SZ,2017-11-27,23.5,23.84,23.1,23.2,23.41,-0.21,-0.9,7084.52,16702.327,2023-08-01
300557.SZ,2017-11-27,44.8,47.28,43.4,43.49,43.07,0.42,0.98,28431.56,128999.316,2023-08-01
300558.SZ,2017-11-27,61.5,62.09,59.91,60.19,62.0,-1.81,-2.92,11822.4,71713.789,2023-08-01
300559.SZ,2017-11-27,37.98,38.08,37.08,37.11,38.1,-0.99,-2.6,1180.0,4431.979,2023-08-01
300560.SZ,2017-11-27,33.7,35.91,33.23,33.68,36.92,-3.24,-8.78,58382.38,199638.619,2023-08-01
300561.SZ,2017-11-27,33.55,34.5,33.27,33.81,33.6,0.21,0.63,3772.5,12824.828,2023-08-01
300562.SZ,2017-11-27,22.37,22.54,21.51,21.6,22.18,-0.58,-2.62,24565.0,54393.759,2023-08-01
300563.SZ,2017-11-27,32.0,32.07,31.0,31.1,31.99,-0.89,-2.78,3213.0,10072.976,2023-08-01
300565.SZ,2017-11-27,20.99,20.99,19.69,20.01,20.8,-0.79,-3.8,22506.89,45320.403,2023-08-01
300605.SZ,2017-11-27,30.2,30.24,28.68,29.42,30.35,-0.93,-3.06,3325.0,9830.921,2023-08-01
300606.SZ,2017-11-27,35.27,35.99,34.75,34.93,35.0,-0.07,-0.2,11230.06,39710.6,2023-08-01
300607.SZ,2017-11-27,62.19,63.37,61.11,62.9,63.07,-0.17,-0.27,11138.06,69607.085,2023-08-01
300608.SZ,2017-11-27,30.8,31.05,29.09,29.11,30.87,-1.76,-5.7,8453.8,25386.197,2023-08-01
300609.SZ,2017-11-27,34.8,35.5,34.21,34.21,35.0,-0.79,-2.26,8187.0,28508.498,2023-08-01
300610.SZ,2017-11-27,17.23,17.3,16.98,16.98,17.2,-0.22,-1.28,6038.5,10326.132,2023-08-01
300611.SZ,2017-11-27,16.19,16.4,16.01,16.24,16.21,0.03,0.19,8546.98,13860.736,2023-08-01
300613.SZ,2017-11-27,215.0,218.49,198.89,199.45,220.01,-20.56,-9.35,17895.98,374364.337,2023-08-01
300615.SZ,2017-11-27,30.62,30.62,29.36,29.86,30.6,-0.74,-2.42,7051.0,21088.007,2023-08-01
300616.SZ,2017-11-27,163.0,165.5,162.9,164.13,163.15,0.98,0.6,5019.04,82171.637,2023-08-01
300617.SZ,2017-11-27,57.96,57.96,55.51,55.57,58.0,-2.43,-4.19,8116.66,45627.505,2023-08-01
300618.SZ,2017-11-27,236.0,239.9,212.58,212.58,236.2,-23.62,-10.0,47834.64,1076192.854,2023-08-01
300619.SZ,2017-11-27,49.86,50.78,46.0,46.75,49.65,-2.9,-5.84,34149.56,166293.215,2023-08-01
300620.SZ,2017-11-27,41.47,41.48,37.75,37.87,41.6,-3.73,-8.97,19005.68,74680.762,2023-08-01
300621.SZ,2017-11-27,19.78,19.98,19.13,19.21,19.92,-0.71,-3.56,7791.44,15237.877,2023-08-01
300622.SZ,2017-11-27,26.6,27.16,26.5,26.75,26.6,0.15,0.56,7307.0,19557.778,2023-08-01
300697.SZ,2017-11-27,25.35,25.99,24.7,24.74,24.97,-0.23,-0.92,43006.34,108837.003,2023-08-01
300698.SZ,2017-11-27,24.61,24.79,23.51,23.71,24.5,-0.79,-3.22,20427.49,48988.871,2023-08-01
300699.SZ,2017-11-27,69.06,72.27,67.87,68.36,70.87,-2.51,-3.54,85805.19,600184.239,2023-08-01
300700.SZ,2017-11-27,69.36,70.48,65.14,66.0,68.69,-2.69,-3.92,42327.63,286874.162,2023-08-01
300702.SZ,2017-11-27,45.05,45.34,43.2,43.22,45.11,-1.89,-4.19,11535.9,50988.94,2023-08-01
300703.SZ,2017-11-27,35.2,35.26,33.9,33.9,35.23,-1.33,-3.78,6358.38,22034.625,2023-08-01
300705.SZ,2017-11-27,27.18,27.93,26.8,27.05,27.18,-0.13,-0.48,20327.54,55581.776,2023-08-01
300706.SZ,2017-11-27,89.51,93.44,84.01,85.31,92.5,-7.19,-7.77,55487.02,490134.927,2023-08-01
300707.SZ,2017-11-27,48.59,50.49,47.5,48.3,49.75,-1.45,-2.91,27042.66,132101.005,2023-08-01
002878.SZ,2017-11-27,37.88,37.88,35.6,35.9,38.03,-2.13,-5.6,18649.0,68189.444,2023-08-01
002879.SZ,2017-11-27,54.27,55.49,51.8,53.6,55.46,-1.86,-3.35,112784.53,610068.523,2023-08-01
002880.SZ,2017-11-27,58.28,58.46,56.5,56.63,58.5,-1.87,-3.2,9855.55,56685.944,2023-08-01
002881.SZ,2017-11-27,30.81,31.16,28.05,28.05,31.17,-3.12,-10.01,29378.19,84842.959,2023-08-01
002882.SZ,2017-11-27,13.8,13.88,13.55,13.63,13.78,-0.15,-1.09,20392.76,28068.324,2023-08-01
002883.SZ,2017-11-27,49.09,49.82,46.01,46.35,49.95,-3.6,-7.21,10039.0,48017.695,2023-08-01
002884.SZ,2017-11-27,62.03,62.28,56.0,57.57,62.01,-4.44,-7.16,24915.75,146094.201,2023-08-01
002885.SZ,2017-11-27,36.75,36.94,35.65,35.87,36.56,-0.69,-1.89,9405.02,34081.977,2023-08-01
002886.SZ,2017-11-27,34.31,34.5,32.82,33.03,35.05,-2.02,-5.76,22186.17,74324.849,2023-08-01
002887.SZ,2017-11-27,96.29,96.55,91.95,92.58,99.11,-6.53,-6.59,25253.84,238088.805,2023-08-01
002888.SZ,2017-11-27,28.18,28.35,27.3,27.44,28.22,-0.78,-2.76,8451.1,23428.239,2023-08-01
002889.SZ,2017-11-27,28.57,28.65,27.81,27.86,28.45,-0.59,-2.07,12242.0,34569.204,2023-08-01
002890.SZ,2017-11-27,36.0,36.0,33.86,34.2,36.0,-1.8,-5.0,9532.42,33481.445,2023-08-01
002891.SZ,2017-11-27,35.71,35.77,34.18,34.2,35.7,-1.5,-4.2,13333.26,46319.768,2023-08-01
002892.SZ,2017-11-27,37.15,37.28,35.61,35.65,37.15,-1.5,-4.04,6556.31,23816.2,2023-08-01
002893.SZ,2017-11-27,23.5,23.98,22.76,23.44,23.5,-0.06,-0.26,17447.09,40872.078,2023-08-01
002895.SZ,2017-11-27,20.9,21.6,20.56,20.9,21.1,-0.2,-0.95,23699.73,50026.974,2023-08-01
002896.SZ,2017-11-27,48.0,48.89,45.18,45.18,50.2,-5.02,-10.0,35989.84,165082.171,2023-08-01
002897.SZ,2017-11-27,38.44,39.32,37.0,37.09,39.19,-2.1,-5.36,14412.22,54890.551,2023-08-01
002898.SZ,2017-11-27,19.55,19.8,19.29,19.3,19.53,-0.23,-1.18,10456.35,20322.297,2023-08-01
002899.SZ,2017-11-27,28.64,29.48,28.45,28.46,29.0,-0.54,-1.86,9409.53,27206.108,2023-08-01
002900.SZ,2017-11-27,29.42,30.28,29.12,29.76,29.48,0.28,0.95,26306.92,78340.045,2023-08-01
300100.SZ,2017-11-27,16.45,16.77,16.45,16.61,16.5,0.11,0.67,26128.27,43456.753,2023-08-01
300101.SZ,2017-11-27,14.95,15.8,14.9,15.38,15.1,0.28,1.85,126284.11,195655.725,2023-08-01
300102.SZ,2017-11-27,9.5,9.55,8.85,8.95,9.6,-0.65,-6.77,388086.26,358384.406,2023-08-01
300103.SZ,2017-11-27,18.17,18.27,17.69,18.2,18.17,0.03,0.17,10107.65,18269.572,2023-08-01
300105.SZ,2017-11-27,5.83,5.86,5.69,5.69,5.85,-0.16,-2.74,37783.2,21829.294,2023-08-01
300106.SZ,2017-11-27,8.55,8.61,8.45,8.5,8.52,-0.02,-0.23,10706.16,9143.483,2023-08-01
300107.SZ,2017-11-27,5.33,5.43,5.28,5.34,5.33,0.01,0.19,49285.0,26425.719,2023-08-01
300108.SZ,2017-11-27,8.8,8.87,8.52,8.62,8.89,-0.27,-3.04,21614.0,18854.422,2023-08-01
300110.SZ,2017-11-27,13.6,14.1,13.3,13.77,13.71,0.06,0.44,101619.36,139448.697,2023-08-01
300111.SZ,2017-11-27,3.71,3.72,3.67,3.67,3.69,-0.02,-0.54,23125.0,8539.818,2023-08-01
300112.SZ,2017-11-27,10.52,10.58,10.35,10.38,10.45,-0.07,-0.67,12320.0,12893.978,2023-08-01
002169.SZ,2017-11-27,5.43,5.46,5.35,5.38,5.49,-0.11,-2.0,46255.5,25026.821,2023-08-01
002170.SZ,2017-11-27,6.39,6.41,6.3,6.32,6.42,-0.1,-1.56,25723.48,16297.219,2023-08-01
002171.SZ,2017-11-27,7.09,7.2,7.07,7.14,7.11,0.03,0.42,66455.16,47473.784,2023-08-01
002172.SZ,2017-11-27,6.3,6.33,6.14,6.17,6.3,-0.13,-2.06,21261.0,13222.173,2023-08-01
002173.SZ,2017-11-27,14.58,14.63,14.3,14.4,14.55,-0.15,-1.03,3746.0,5400.462,2023-08-01
002174.SZ,2017-11-27,21.91,22.1,21.52,21.62,21.91,-0.29,-1.32,39689.82,86817.346,2023-08-01
002175.SZ,2017-11-27,8.39,8.41,8.1,8.17,8.39,-0.22,-2.62,99293.8,81401.933,2023-08-01
002176.SZ,2017-11-27,12.08,12.15,11.48,11.5,12.07,-0.57,-4.72,347361.54,410746.396,2023-08-01
002177.SZ,2017-11-27,4.98,5.12,4.97,4.99,4.98,0.01,0.2,35154.45,17700.048,2023-08-01
002178.SZ,2017-11-27,13.65,13.75,13.57,13.69,13.6,0.09,0.66,42775.45,58472.225,2023-08-01
002179.SZ,2017-11-27,37.0,38.38,37.0,37.48,37.55,-0.07,-0.19,39046.83,147794.972,2023-08-01
002180.SZ,2017-11-27,29.77,30.5,29.5,29.7,29.83,-0.13,-0.44,18243.94,54660.456,2023-08-01
002181.SZ,2017-11-27,4.83,4.84,4.74,4.76,4.79,-0.03,-0.63,14506.24,6951.34,2023-08-01
002182.SZ,2017-11-27,9.08,9.54,9.07,9.22,9.17,0.05,0.55,231074.04,214645.626,2023-08-01
002183.SZ,2017-11-27,7.51,7.54,7.38,7.39,7.46,-0.07,-0.94,100159.89,74561.939,2023-08-01
002441.SZ,2017-11-27,10.47,10.57,10.35,10.46,10.47,-0.01,-0.1,20578.3,21555.344,2023-08-01
002442.SZ,2017-11-27,12.29,12.36,12.11,12.29,12.3,-0.01,-0.08,9885.89,12107.579,2023-08-01
002443.SZ,2017-11-27,8.23,8.25,8.03,8.07,8.22,-0.15,-1.82,44341.2,36033.474,2023-08-01
002444.SZ,2017-11-27,14.61,14.73,14.39,14.44,14.6,-0.16,-1.1,113885.27,165613.728,2023-08-01
002445.SZ,2017-11-27,12.99,13.18,12.75,12.75,12.99,-0.24,-1.85,34429.0,44416.114,2023-08-01
002446.SZ,2017-11-27,10.39,10.39,10.0,10.18,10.32,-0.14,-1.36,38092.61,38553.231,2023-08-01
002447.SZ,2017-11-27,5.57,5.72,5.42,5.45,5.63,-0.18,-3.2,127143.87,70713.94,2023-08-01
002448.SZ,2017-11-27,9.03,9.1,8.99,9.0,9.03,-0.03,-0.33,24188.23,21857.994,2023-08-01
002449.SZ,2017-11-27,18.09,18.68,17.7,18.24,18.24,0.0,0.0,76292.58,139417.382,2023-08-01
002450.SZ,2017-11-27,24.55,24.68,23.74,24.54,24.74,-0.2,-0.81,382111.89,927332.37,2023-08-01
002451.SZ,2017-11-27,32.3,32.58,31.9,32.2,32.3,-0.1,-0.31,14896.15,48037.023,2023-08-01
002452.SZ,2017-11-27,6.1,6.17,5.97,6.03,6.12,-0.09,-1.47,28474.1,17310.083,2023-08-01
002454.SZ,2017-11-27,11.32,11.59,11.32,11.48,11.58,-0.1,-0.86,18086.0,20722.163,2023-08-01
002455.SZ,2017-11-27,9.43,9.89,9.4,9.71,9.42,0.29,3.08,61219.28,59076.065,2023-08-01
002456.SZ,2017-11-27,23.0,23.0,21.77,22.09,23.01,-0.92,-4.0,367413.52,826752.401,2023-08-01
002457.SZ,2017-11-27,12.12,12.75,11.92,12.36,12.05,0.31,2.57,160779.0,199997.587,2023-08-01
002458.SZ,2017-11-27,24.71,24.99,24.35,24.45,24.7,-0.25,-1.01,28242.97,69529.041,2023-08-01
002459.SZ,2017-11-27,12.46,12.61,11.8,11.82,12.59,-0.77,-6.12,32549.5,39783.235,2023-08-01
002460.SZ,2017-11-27,75.2,76.56,67.8,68.87,75.06,-6.19,-8.25,303435.84,2201644.103,2023-08-01
002384.SZ,2017-11-27,28.95,29.8,28.62,29.01,29.4,-0.39,-1.33,30827.63,89873.339,2023-08-01
002385.SZ,2017-11-27,6.41,6.67,6.32,6.49,6.57,-0.08,-1.22,324328.88,211403.387,2023-08-01
002386.SZ,2017-11-27,8.16,8.34,8.11,8.19,8.18,0.01,0.12,135358.37,111299.668,2023-08-01
002387.SZ,2017-11-27,17.38,17.65,17.28,17.4,17.37,0.03,0.17,48110.85,83949.775,2023-08-01
002388.SZ,2017-11-27,7.91,7.91,7.77,7.77,7.91,-0.14,-1.77,20254.36,15840.739,2023-08-01
002389.SZ,2017-11-27,23.85,23.96,23.12,23.23,23.69,-0.46,-1.94,60691.04,142727.785,2023-08-01
002390.SZ,2017-11-27,8.05,8.1,7.99,8.08,8.06,0.02,0.25,27529.75,22164.965,2023-08-01
002391.SZ,2017-11-27,14.33,14.71,14.26,14.46,14.31,0.15,1.05,23278.5,33777.61,2023-08-01
002392.SZ,2017-11-27,5.54,5.62,5.49,5.5,5.51,-0.01,-0.18,99581.0,55212.275,2023-08-01
002393.SZ,2017-11-27,32.75,32.98,32.34,32.55,32.75,-0.2,-0.61,6201.0,20215.844,2023-08-01
002394.SZ,2017-11-27,12.83,12.94,12.65,12.94,12.81,0.13,1.01,14459.1,18514.044,2023-08-01
002395.SZ,2017-11-27,12.98,12.98,12.71,12.8,12.88,-0.08,-0.62,6106.92,7808.572,2023-08-01
002396.SZ,2017-11-27,22.73,23.3,21.98,22.0,22.28,-0.28,-1.26,172004.16,390269.992,2023-08-01
002397.SZ,2017-11-27,5.94,5.96,5.8,5.94,5.92,0.02,0.34,20496.92,12064.234,2023-08-01
002399.SZ,2017-11-27,16.92,17.14,16.65,16.66,16.92,-0.26,-1.54,11878.49,19999.02,2023-08-01
002401.SZ,2017-11-27,12.71,12.98,12.41,12.61,12.71,-0.1,-0.79,51972.91,65866.049,2023-08-01
002402.SZ,2017-11-27,10.9,10.99,10.52,10.52,10.97,-0.45,-4.1,118061.27,126701.109,2023-08-01
002403.SZ,2017-11-27,11.45,11.48,11.3,11.34,11.45,-0.11,-0.96,8671.1,9858.515,2023-08-01
002404.SZ,2017-11-27,7.13,7.13,7.01,7.05,7.13,-0.08,-1.12,10041.77,7067.606,2023-08-01
002405.SZ,2017-11-27,29.39,29.4,27.08,27.08,30.09,-3.01,-10.0,858589.99,2414458.406,2023-08-01
002406.SZ,2017-11-27,7.18,7.21,7.1,7.12,7.18,-0.06,-0.84,19774.5,14154.388,2023-08-01
002407.SZ,2017-11-27,23.6,24.15,22.79,22.8,23.7,-0.9,-3.8,238643.02,560673.335,2023-08-01
002408.SZ,2017-11-27,12.15,12.26,11.81,11.98,12.15,-0.17,-1.4,69883.77,84095.225,2023-08-01
002409.SZ,2017-11-27,30.16,31.78,29.74,30.8,30.69,0.11,0.36,185330.63,570361.889,2023-08-01
002669.SZ,2017-11-27,19.05,19.72,18.99,19.6,19.3,0.3,1.55,21198.92,40923.236,2023-08-01
002670.SZ,2017-11-27,20.76,20.88,19.3,19.91,21.4,-1.49,-6.96,191698.58,384835.04,2023-08-01
002671.SZ,2017-11-27,8.02,8.02,7.92,7.95,8.03,-0.08,-1.0,13239.26,10549.177,2023-08-01
002672.SZ,2017-11-27,16.18,16.4,16.08,16.15,16.16,-0.01,-0.06,64020.94,103985.564,2023-08-01
002673.SZ,2017-11-27,12.92,13.84,12.83,13.3,12.93,0.37,2.86,288074.36,382504.029,2023-08-01
002674.SZ,2017-11-27,11.1,11.11,10.68,10.72,11.11,-0.39,-3.51,13190.88,14288.017,2023-08-01
002675.SZ,2017-11-27,12.5,12.99,12.11,12.19,12.15,0.04,0.33,119945.77,149745.263,2023-08-01
002677.SZ,2017-11-27,15.8,16.21,15.51,16.1,16.03,0.07,0.44,22126.26,35304.807,2023-08-01
002678.SZ,2017-11-27,11.4,11.4,11.22,11.22,11.43,-0.21,-1.84,4966.0,5601.164,2023-08-01
002679.SZ,2017-11-27,20.98,21.49,20.75,20.94,20.86,0.08,0.38,20845.94,43989.993,2023-08-01
002680.SZ,2017-11-27,13.78,14.07,13.55,13.96,13.82,0.14,1.01,18532.63,25711.359,2023-08-01
002681.SZ,2017-11-27,11.37,11.37,11.06,11.1,11.29,-0.19,-1.68,21689.71,24343.837,2023-08-01
002682.SZ,2017-11-27,10.95,11.2,10.87,10.93,10.96,-0.03,-0.27,21983.85,24340.352,2023-08-01
002683.SZ,2017-11-27,7.63,7.72,7.57,7.7,7.63,0.07,0.92,37574.79,28783.31,2023-08-01
002684.SZ,2017-11-27,17.79,17.88,17.22,17.66,17.79,-0.13,-0.73,21320.04,37314.648,2023-08-01
603042.SH,2017-11-27,29.86,29.98,27.03,27.03,30.03,-3.0,-9.99,33581.26,94705.328,2023-08-01
603043.SH,2017-11-27,19.93,19.99,19.5,19.57,19.92,-0.35,-1.76,13132.83,25824.811,2023-08-01
603060.SH,2017-11-27,23.0,23.38,22.5,22.76,22.92,-0.16,-0.7,4166.0,9584.016,2023-08-01
603066.SH,2017-11-27,12.18,12.64,12.18,12.48,12.23,0.25,2.04,61660.28,77051.66,2023-08-01
603067.SH,2017-11-27,13.81,13.9,13.47,13.49,13.86,-0.37,-2.67,11517.6,15743.48,2023-08-01
603069.SH,2017-11-27,11.69,11.83,11.57,11.72,11.6,0.12,1.03,9121.0,10702.45,2023-08-01
603533.SH,2017-11-27,48.27,48.96,44.52,44.69,48.6,-3.91,-8.05,72247.07,337859.592,2023-08-01
603077.SH,2017-11-27,2.15,2.18,2.13,2.16,2.15,0.01,0.47,318750.64,68816.212,2023-08-01
603085.SH,2017-11-27,25.54,25.54,24.86,25.26,25.25,0.01,0.04,16791.0,42426.197,2023-08-01
603580.SH,2017-11-27,32.8,33.5,32.36,32.75,33.08,-0.33,-1.0,9105.0,29678.266,2023-08-01
601019.SH,2017-11-27,16.7,18.5,15.93,16.79,17.7,-0.91,-5.14,878549.94,1481794.597,2023-08-01
603858.SH,2017-11-27,55.88,55.88,54.8,54.91,55.99,-1.08,-1.93,19687.02,108509.995,2023-08-01
603861.SH,2017-11-27,17.8,18.24,17.6,17.81,17.8,0.01,0.06,8000.0,14369.473,2023-08-01
603866.SH,2017-11-27,39.4,39.6,38.5,38.52,39.27,-0.75,-1.91,5312.51,20746.448,2023-08-01
603868.SH,2017-11-27,70.07,71.41,68.0,71.26,70.26,1.0,1.42,10193.66,71790.51,2023-08-01
603869.SH,2017-11-27,22.5,22.63,22.23,22.36,22.28,0.08,0.36,8449.32,18969.705,2023-08-01
603877.SH,2017-11-27,24.53,25.35,24.35,24.85,24.53,0.32,1.3,15975.0,40038.47,2023-08-01
002017.SZ,2017-11-27,9.18,9.2,9.01,9.03,9.2,-0.17,-1.85,22613.16,20573.261,2023-08-01
002019.SZ,2017-11-27,20.75,21.13,20.51,20.74,20.88,-0.14,-0.67,130424.49,271177.308,2023-08-01
002020.SZ,2017-11-27,11.98,12.18,11.79,11.93,12.04,-0.11,-0.91,70336.98,84088.985,2023-08-01
002021.SZ,2017-11-27,5.16,5.17,4.91,4.91,5.16,-0.25,-4.85,44173.0,22280.64,2023-08-01
002022.SZ,2017-11-27,15.04,15.14,14.93,15.01,15.04,-0.03,-0.2,17335.64,26045.824,2023-08-01
002023.SZ,2017-11-27,10.31,10.31,9.89,9.91,10.34,-0.43,-4.16,100267.62,100938.114,2023-08-01
002024.SZ,2017-11-27,11.94,12.1,11.79,11.9,11.94,-0.04,-0.34,349676.16,417278.293,2023-08-01
002025.SZ,2017-11-27,20.3,20.54,19.95,20.2,20.12,0.08,0.4,17880.08,36166.999,2023-08-01
002026.SZ,2017-11-27,8.17,8.3,8.11,8.14,8.21,-0.07,-0.85,20838.0,17063.427,2023-08-01
002027.SZ,2017-11-27,12.87,12.9,11.78,11.88,12.71,-0.83,-6.53,572101.76,705365.386,2023-08-01
002028.SZ,2017-11-27,15.75,15.88,15.31,15.52,15.88,-0.36,-2.27,26590.16,41610.493,2023-08-01
002029.SZ,2017-11-27,8.78,8.84,8.76,8.77,8.85,-0.08,-0.9,16125.62,14173.181,2023-08-01
002030.SZ,2017-11-27,19.41,19.45,18.82,18.88,19.48,-0.6,-3.08,63942.23,121605.86,2023-08-01
002031.SZ,2017-11-27,2.87,2.87,2.84,2.84,2.86,-0.02,-0.7,69275.77,19757.248,2023-08-01
002032.SZ,2017-11-27,42.8,43.4,40.54,41.51,43.8,-2.29,-5.23,32005.56,136651.828,2023-08-01
002033.SZ,2017-11-27,8.59,8.81,8.56,8.73,8.58,0.15,1.75,51276.29,44791.214,2023-08-01
600318.SH,2017-11-27,11.28,12.24,10.51,12.24,11.13,1.11,9.97,108552.27,123645.947,2023-08-01
600319.SH,2017-11-27,10.05,10.08,9.91,10.06,10.05,0.01,0.1,9236.01,9246.47,2023-08-01
600320.SH,2017-11-27,5.58,5.63,5.49,5.55,5.58,-0.03,-0.54,114636.69,63783.294,2023-08-01
600322.SH,2017-11-27,6.79,6.82,6.55,6.69,6.75,-0.06,-0.89,54053.38,36294.825,2023-08-01
600323.SH,2017-11-27,15.23,15.34,14.88,14.97,15.19,-0.22,-1.45,41061.01,62172.644,2023-08-01
600325.SH,2017-11-27,7.16,7.24,7.1,7.12,7.15,-0.03,-0.42,114038.51,81762.364,2023-08-01
600326.SH,2017-11-27,9.2,9.57,9.1,9.21,9.21,0.0,0.0,176129.15,164723.698,2023-08-01
600327.SH,2017-11-27,7.63,7.63,7.56,7.58,7.65,-0.07,-0.92,12878.46,9777.967,2023-08-01
600329.SH,2017-11-27,16.01,16.2,15.97,16.01,16.1,-0.09,-0.56,15196.32,24379.007,2023-08-01
600330.SH,2017-11-27,10.93,10.99,10.45,10.49,11.01,-0.52,-4.72,245743.07,262882.723,2023-08-01
600331.SH,2017-11-27,4.81,4.88,4.81,4.84,4.86,-0.02,-0.41,85335.14,41348.774,2023-08-01
000758.SZ,2017-11-27,6.61,6.67,6.48,6.49,6.62,-0.13,-1.96,143528.37,94044.587,2023-08-01
000759.SZ,2017-11-27,8.65,8.65,8.28,8.39,8.62,-0.23,-2.67,33740.18,28444.892,2023-08-01
000760.SZ,2017-11-27,7.0,7.15,6.86,6.89,7.04,-0.15,-2.13,33761.51,23550.088,2023-08-01
000761.SZ,2017-11-27,5.51,5.61,5.44,5.47,5.45,0.02,0.37,235569.83,129827.929,2023-08-01
000762.SZ,2017-11-27,16.3,16.39,15.63,15.74,16.4,-0.66,-4.02,282763.45,452348.37,2023-08-01
000767.SZ,2017-11-27,2.99,3.01,2.97,3.0,2.99,0.01,0.33,42207.5,12622.059,2023-08-01
000768.SZ,2017-11-27,17.09,17.49,16.94,17.03,17.12,-0.09,-0.53,98560.04,169721.988,2023-08-01
000776.SZ,2017-11-27,17.95,18.1,17.76,17.98,18.09,-0.11,-0.61,394793.31,707554.25,2023-08-01
000777.SZ,2017-11-27,15.67,15.69,15.41,15.42,15.67,-0.25,-1.6,24507.37,38070.784,2023-08-01
000778.SZ,2017-11-27,5.45,5.64,5.45,5.52,5.45,0.07,1.28,324452.95,180728.123,2023-08-01
000779.SZ,2017-11-27,15.71,15.87,15.12,15.15,15.85,-0.7,-4.42,18821.81,29071.415,2023-08-01
000780.SZ,2017-11-27,4.69,4.83,4.68,4.75,4.68,0.07,1.5,42035.1,19994.019,2023-08-01
000782.SZ,2017-11-27,8.61,8.64,8.5,8.58,8.61,-0.03,-0.35,16292.08,13950.788,2023-08-01
000783.SZ,2017-11-27,8.83,8.96,8.78,8.91,8.89,0.02,0.23,153446.48,136269.068,2023-08-01
000785.SZ,2017-11-27,9.8,10.04,9.74,10.01,9.84,0.17,1.73,16668.65,16447.46,2023-08-01
000786.SZ,2017-11-27,22.6,23.17,22.03,22.34,22.45,-0.11,-0.49,261358.95,589908.068,2023-08-01
000788.SZ,2017-11-27,9.69,9.69,9.35,9.55,9.72,-0.17,-1.75,41145.01,39140.432,2023-08-01
000789.SZ,2017-11-27,10.14,10.8,9.82,9.88,10.2,-0.32,-3.14,259571.9,266953.42,2023-08-01
000518.SZ,2017-11-27,6.5,6.55,6.41,6.42,6.49,-0.07,-1.08,12286.1,7957.467,2023-08-01
000519.SZ,2017-11-27,8.2,8.44,8.16,8.2,8.23,-0.03,-0.36,57528.7,47653.903,2023-08-01
000520.SZ,2017-11-27,4.44,4.46,4.39,4.4,4.44,-0.04,-0.9,56365.0,24953.702,2023-08-01
000521.SZ,2017-11-27,5.15,5.2,5.12,5.14,5.15,-0.01,-0.19,30290.0,15622.932,2023-08-01
000523.SZ,2017-11-27,8.38,8.44,8.32,8.33,8.36,-0.03,-0.36,16309.0,13655.037,2023-08-01
000524.SZ,2017-11-27,11.62,11.67,11.5,11.54,11.61,-0.07,-0.6,6210.28,7180.171,2023-08-01
000525.SZ,2017-11-27,21.92,22.44,21.65,21.77,21.91,-0.14,-0.64,32129.74,71010.333,2023-08-01
000528.SZ,2017-11-27,7.72,7.82,7.69,7.74,7.71,0.03,0.39,73284.95,56852.695,2023-08-01
000529.SZ,2017-11-27,7.09,7.17,7.05,7.09,7.1,-0.01,-0.14,13162.0,9355.945,2023-08-01
000530.SZ,2017-11-27,5.8,5.82,5.75,5.75,5.79,-0.04,-0.69,32499.04,18785.972,2023-08-01
000531.SZ,2017-11-27,8.42,8.6,8.35,8.36,8.46,-0.1,-1.18,23731.6,19948.894,2023-08-01
000532.SZ,2017-11-27,11.5,11.54,11.35,11.35,11.43,-0.08,-0.7,12706.01,14542.286,2023-08-01
600023.SH,2017-11-27,5.42,5.44,5.38,5.44,5.43,0.01,0.18,174070.96,94421.651,2023-08-01
600026.SH,2017-11-27,5.97,6.01,5.93,5.94,5.94,0.0,0.0,66034.71,39485.019,2023-08-01
600027.SH,2017-11-27,4.13,4.13,4.06,4.08,4.13,-0.05,-1.21,143999.1,58852.222,2023-08-01
600028.SH,2017-11-27,6.2,6.25,6.08,6.18,6.18,0.0,0.0,2013645.71,1239885.451,2023-08-01
600029.SH,2017-11-27,10.74,10.78,10.0,10.29,10.94,-0.65,-5.94,1093368.58,1138549.814,2023-08-01
600030.SH,2017-11-27,18.89,19.2,18.74,19.02,19.01,0.01,0.05,1789938.57,3397133.177,2023-08-01
600031.SH,2017-11-27,8.38,8.4,8.16,8.28,8.44,-0.16,-1.9,905259.87,746404.232,2023-08-01
600033.SH,2017-11-27,3.66,3.66,3.64,3.64,3.66,-0.02,-0.55,46295.93,16877.914,2023-08-01
600035.SH,2017-11-27,5.07,5.11,5.02,5.04,5.13,-0.09,-1.75,61288.0,31042.664,2023-08-01
600036.SH,2017-11-27,29.86,29.95,28.88,29.88,30.09,-0.21,-0.7,985411.0,2899282.314,2023-08-01
600037.SH,2017-11-27,15.01,15.38,14.88,15.15,14.97,0.18,1.2,166007.53,252199.623,2023-08-01
600038.SH,2017-11-27,44.32,45.8,43.8,43.85,44.46,-0.61,-1.37,52102.59,233581.59,2023-08-01
600039.SH,2017-11-27,4.03,4.06,4.0,4.03,4.02,0.01,0.25,75838.29,30544.426,2023-08-01
600048.SH,2017-11-27,11.94,12.33,11.66,11.96,11.94,0.02,0.17,1306555.69,1559436.648,2023-08-01
600050.SH,2017-11-27,7.71,7.71,7.05,7.12,7.78,-0.66,-8.48,6047726.5,4447310.873,2023-08-01
600051.SH,2017-11-27,9.95,10.14,9.86,10.09,9.99,0.1,1.0,18645.42,18633.692,2023-08-01
600052.SH,2017-11-27,3.91,3.95,3.9,3.92,3.93,-0.01,-0.25,19655.6,7717.604,2023-08-01
600053.SH,2017-11-27,25.08,25.08,24.01,24.26,25.16,-0.9,-3.58,12183.41,29924.607,2023-08-01
600054.SH,2017-11-27,13.61,13.63,13.4,13.54,13.7,-0.16,-1.17,28282.54,38247.234,2023-08-01
600055.SH,2017-11-27,16.74,16.74,15.55,15.73,16.6,-0.87,-5.24,94025.94,150505.43,2023-08-01
600056.SH,2017-11-27,25.55,25.92,24.9,25.37,25.59,-0.22,-0.86,38665.62,98129.731,2023-08-01
600057.SH,2017-11-27,9.22,9.22,8.99,9.01,9.22,-0.21,-2.28,49332.87,44750.37,2023-08-01
600058.SH,2017-11-27,12.3,12.3,11.88,11.93,12.27,-0.34,-2.77,35379.63,42772.013,2023-08-01
600059.SH,2017-11-27,8.97,9.02,8.87,8.95,8.97,-0.02,-0.22,25752.52,23013.665,2023-08-01
600060.SH,2017-11-27,14.98,15.38,14.78,14.86,15.09,-0.23,-1.52,131543.68,198274.33,2023-08-01
600720.SH,2017-11-27,10.24,10.53,10.18,10.19,10.2,-0.01,-0.1,277945.52,288558.947,2023-08-01
600721.SH,2017-11-27,11.26,11.29,10.8,10.83,11.2,-0.37,-3.3,8748.01,9572.751,2023-08-01
600722.SH,2017-11-27,6.73,6.86,6.64,6.71,6.69,0.02,0.3,81288.59,55015.463,2023-08-01
600723.SH,2017-11-27,8.24,8.3,8.23,8.24,8.24,0.0,0.0,11624.13,9605.526,2023-08-01
600724.SH,2017-11-27,3.96,3.99,3.93,3.98,3.97,0.01,0.25,10465.35,4145.206,2023-08-01
600726.SH,2017-11-27,3.31,3.34,3.31,3.33,3.34,-0.01,-0.3,20385.0,6777.841,2023-08-01
600727.SH,2017-11-27,7.99,8.06,7.88,7.98,7.98,0.0,0.0,27637.01,22079.353,2023-08-01
600728.SH,2017-11-27,8.71,9.07,8.71,8.74,8.82,-0.08,-0.91,204794.79,181613.549,2023-08-01
600729.SH,2017-11-27,24.0,24.06,23.38,23.45,24.0,-0.55,-2.29,38421.73,90750.896,2023-08-01
600730.SH,2017-11-27,6.75,6.75,6.61,6.62,6.75,-0.13,-1.93,20079.0,13428.228,2023-08-01
600731.SH,2017-11-27,7.4,7.43,7.2,7.23,7.4,-0.17,-2.3,14082.83,10288.435,2023-08-01
600732.SH,2017-11-27,7.81,8.14,7.74,7.96,7.8,0.16,2.05,42432.48,33750.458,2023-08-01
600734.SH,2017-11-27,9.7,9.72,9.53,9.66,9.66,0.0,0.0,20866.83,20089.264,2023-08-01
600735.SH,2017-11-27,12.69,13.05,12.58,13.0,12.69,0.31,2.44,104915.84,134970.302,2023-08-01
600736.SH,2017-11-27,6.58,6.58,6.45,6.46,6.57,-0.11,-1.67,28461.67,18488.531,2023-08-01
000011.SZ,2017-11-27,16.6,16.7,16.36,16.38,16.61,-0.23,-1.38,20949.96,34565.337,2023-08-01
000012.SZ,2017-11-27,9.32,9.57,9.03,9.06,9.33,-0.27,-2.89,561078.91,522207.061,2023-08-01
000014.SZ,2017-11-27,12.68,12.85,12.33,12.33,12.76,-0.43,-3.37,26252.0,32842.231,2023-08-01
000016.SZ,2017-11-27,6.25,6.45,6.25,6.29,6.39,-0.1,-1.56,132530.74,84005.427,2023-08-01
000017.SZ,2017-11-27,6.65,6.7,6.56,6.67,6.68,-0.01,-0.15,13175.0,8729.578,2023-08-01
000018.SZ,2017-11-27,6.99,7.03,6.88,6.99,6.99,0.0,0.0,47313.76,32865.571,2023-08-01
000021.SZ,2017-11-27,9.37,9.38,8.98,9.04,9.47,-0.43,-4.54,223797.24,204755.152,2023-08-01
000023.SZ,2017-11-27,23.2,23.35,22.88,22.9,23.11,-0.21,-0.91,3552.11,8191.263,2023-08-01
000025.SZ,2017-11-27,40.0,40.5,39.8,39.93,39.98,-0.05,-0.13,12549.67,50342.045,2023-08-01
000026.SZ,2017-11-27,10.5,10.62,10.5,10.53,10.56,-0.03,-0.28,8566.0,9042.977,2023-08-01
000027.SZ,2017-11-27,6.05,6.07,6.0,6.03,6.05,-0.02,-0.33,47742.17,28805.493,2023-08-01
000028.SZ,2017-11-27,58.5,59.78,58.36,58.4,59.03,-0.63,-1.07,9238.28,54475.244,2023-08-01
000030.SZ,2017-11-27,8.1,8.1,7.91,7.99,8.13,-0.14,-1.72,41316.8,33145.423,2023-08-01
000032.SZ,2017-11-27,11.23,11.46,11.15,11.46,11.23,0.23,2.05,23764.74,26995.918,2023-08-01
000886.SZ,2017-11-27,6.62,6.79,6.54,6.66,6.6,0.06,0.91,144124.2,96432.437,2023-08-01
000887.SZ,2017-11-27,18.09,18.36,17.94,18.07,18.08,-0.01,-0.06,44519.63,80544.42,2023-08-01
000888.SZ,2017-11-27,9.43,9.53,9.34,9.46,9.46,0.0,0.0,45349.17,42894.097,2023-08-01
000889.SZ,2017-11-27,12.83,13.45,12.57,13.44,12.77,0.67,5.25,71316.45,92735.519,2023-08-01
000890.SZ,2017-11-27,6.48,7.06,6.47,6.68,6.42,0.26,4.05,59904.08,40256.001,2023-08-01
000892.SZ,2017-11-27,7.05,7.08,7.0,7.04,7.07,-0.03,-0.42,14468.0,10188.812,2023-08-01
000895.SZ,2017-11-27,27.01,27.01,25.95,26.35,27.02,-0.67,-2.48,143545.02,377818.014,2023-08-01
000897.SZ,2017-11-27,3.68,3.71,3.66,3.69,3.66,0.03,0.82,61352.69,22650.513,2023-08-01
000898.SZ,2017-11-27,6.69,6.76,6.59,6.62,6.6,0.02,0.3,516246.4,344773.506,2023-08-01
000899.SZ,2017-11-27,5.93,5.97,5.91,5.96,5.95,0.01,0.17,12961.33,7712.659,2023-08-01
000901.SZ,2017-11-27,25.32,26.85,25.32,26.09,25.76,0.33,1.28,89506.53,235166.69,2023-08-01
000902.SZ,2017-11-27,9.53,9.82,9.36,9.7,9.63,0.07,0.73,46626.24,44946.124,2023-08-01
000905.SZ,2017-11-27,11.68,11.9,11.61,11.74,11.79,-0.05,-0.42,36445.78,42866.948,2023-08-01
000906.SZ,2017-11-27,8.28,8.3,8.04,8.15,8.31,-0.16,-1.93,35179.99,28721.038,2023-08-01
300528.SZ,2017-11-27,12.91,13.45,12.91,13.24,12.9,0.34,2.64,26980.39,35868.653,2023-08-01
300529.SZ,2017-11-27,31.99,32.34,31.32,31.69,31.99,-0.3,-0.94,9816.0,31241.1,2023-08-01
300647.SZ,2017-11-27,19.84,20.01,19.35,19.48,19.84,-0.36,-1.81,7509.95,14755.222,2023-08-01
300648.SZ,2017-11-27,67.39,70.97,66.9,67.8,66.99,0.81,1.21,8172.94,56373.746,2023-08-01
300649.SZ,2017-11-27,43.9,46.5,43.6,44.5,43.8,0.7,1.6,36218.32,162670.518,2023-08-01
300650.SZ,2017-11-27,37.99,38.59,36.0,36.7,38.2,-1.5,-3.93,9109.57,33833.471,2023-08-01
300651.SZ,2017-11-27,33.0,33.49,31.32,32.75,33.15,-0.4,-1.21,7290.3,23715.767,2023-08-01
300652.SZ,2017-11-27,29.3,29.56,28.27,28.56,29.6,-1.04,-3.51,12186.09,35115.58,2023-08-01
300653.SZ,2017-11-27,35.75,35.75,33.61,34.0,35.76,-1.76,-4.92,7470.99,26058.092,2023-08-01
300654.SZ,2017-11-27,24.25,24.85,24.1,24.3,24.41,-0.11,-0.45,13643.74,33464.079,2023-08-01
300655.SZ,2017-11-27,30.53,30.91,29.7,29.82,30.53,-0.71,-2.33,14791.0,44737.743,2023-08-01
300656.SZ,2017-11-27,56.7,57.99,52.08,53.51,57.33,-3.82,-6.66,16280.0,87788.324,2023-08-01
300657.SZ,2017-11-27,51.58,52.79,48.5,48.79,52.41,-3.62,-6.91,23292.86,118234.211,2023-08-01
300658.SZ,2017-11-27,31.55,31.98,31.55,31.8,31.74,0.06,0.19,2717.92,8644.802,2023-08-01
300660.SZ,2017-11-27,72.33,72.6,70.1,70.2,72.71,-2.51,-3.45,8252.45,58705.443,2023-08-01
300661.SZ,2017-11-27,95.04,95.05,88.78,90.88,96.68,-5.8,-6.0,20727.71,190891.636,2023-08-01
300662.SZ,2017-11-27,25.05,25.47,24.55,24.98,25.45,-0.47,-1.85,8816.28,22072.987,2023-08-01
300663.SZ,2017-11-27,21.58,21.88,20.6,20.8,21.69,-0.89,-4.1,13199.32,27837.711,2023-08-01
300665.SZ,2017-11-27,27.84,28.2,27.21,27.32,27.57,-0.25,-0.91,14279.97,39791.958,2023-08-01
300666.SZ,2017-11-27,66.31,69.78,64.64,68.03,66.85,1.18,1.77,101876.44,688102.421,2023-08-01
300667.SZ,2017-11-27,41.95,41.95,39.0,39.33,41.39,-2.06,-4.98,13826.0,55961.572,2023-08-01
300668.SZ,2017-11-27,78.65,78.99,73.3,73.7,79.85,-6.15,-7.7,10699.34,82032.484,2023-08-01
300669.SZ,2017-11-27,24.98,25.25,24.55,24.56,24.99,-0.43,-1.72,8288.44,20655.776,2023-08-01
300670.SZ,2017-11-27,22.47,22.47,21.6,21.62,22.16,-0.54,-2.44,6752.11,14821.42,2023-08-01
000595.SZ,2017-11-27,5.28,5.41,5.17,5.28,5.31,-0.03,-0.57,58227.0,30803.637,2023-08-01
000596.SZ,2017-11-27,60.91,61.0,58.19,60.22,61.2,-0.98,-1.6,39666.93,237118.092,2023-08-01
000597.SZ,2017-11-27,12.6,12.94,12.38,12.38,12.57,-0.19,-1.51,188314.48,238020.87,2023-08-01
000598.SZ,2017-11-27,5.43,5.47,5.41,5.41,5.45,-0.04,-0.73,96974.98,52677.158,2023-08-01
000599.SZ,2017-11-27,5.86,5.86,5.78,5.79,5.84,-0.05,-0.86,24511.01,14238.948,2023-08-01
000600.SZ,2017-11-27,8.24,8.53,8.23,8.3,8.24,0.06,0.73,135943.94,113998.661,2023-08-01
000601.SZ,2017-11-27,7.47,7.62,7.4,7.44,7.44,0.0,0.0,40393.78,30201.083,2023-08-01
000603.SZ,2017-11-27,11.88,11.98,11.68,11.75,11.87,-0.12,-1.01,22576.36,26772.424,2023-08-01
000605.SZ,2017-11-27,19.24,19.85,19.11,19.43,19.09,0.34,1.78,30508.9,59542.565,2023-08-01
000606.SZ,2017-11-27,9.12,9.24,8.94,9.0,9.16,-0.16,-1.75,20100.0,18187.048,2023-08-01
000607.SZ,2017-11-27,6.72,6.73,6.54,6.68,6.75,-0.07,-1.04,42130.01,27990.568,2023-08-01
000609.SZ,2017-11-27,10.96,11.04,10.73,10.78,11.13,-0.35,-3.14,19061.0,20764.346,2023-08-01
600673.SH,2017-11-27,6.93,7.2,6.56,6.87,7.29,-0.42,-5.76,1460992.03,977558.551,2023-08-01
600674.SH,2017-11-27,10.34,10.39,10.15,10.2,10.35,-0.15,-1.45,132140.45,135635.679,2023-08-01
600675.SH,2017-11-27,5.98,6.04,5.86,5.88,5.98,-0.1,-1.67,56412.98,33370.077,2023-08-01
600676.SH,2017-11-27,6.75,6.78,6.68,6.7,6.73,-0.03,-0.45,29754.0,20006.369,2023-08-01
600677.SH,2017-11-27,12.28,12.79,12.16,12.19,12.5,-0.31,-2.48,93292.31,116255.236,2023-08-01
600678.SH,2017-11-27,11.61,11.65,11.39,11.45,11.65,-0.2,-1.72,11162.0,12880.045,2023-08-01
600679.SH,2017-11-27,18.86,18.86,18.26,18.29,18.86,-0.57,-3.02,15320.55,28397.299,2023-08-01
600680.SH,2017-11-27,10.25,10.34,10.0,10.08,10.35,-0.27,-2.61,11977.2,12186.492,2023-08-01
600681.SH,2017-11-27,13.42,13.8,13.42,13.6,13.39,0.21,1.57,25519.11,34725.157,2023-08-01
600683.SH,2017-11-27,5.63,5.71,5.55,5.56,5.63,-0.07,-1.24,19190.84,10799.375,2023-08-01
600684.SH,2017-11-27,5.97,5.97,5.88,5.89,5.95,-0.06,-1.01,31969.34,18891.958,2023-08-01
600686.SH,2017-11-27,12.08,12.25,11.98,12.07,12.13,-0.06,-0.49,36635.0,44440.08,2023-08-01
600687.SH,2017-11-27,11.64,11.86,11.51,11.64,11.64,0.0,0.0,214570.35,251008.972,2023-08-01
600688.SH,2017-11-27,6.41,6.45,6.37,6.44,6.43,0.01,0.16,158979.37,102083.024,2023-08-01
600689.SH,2017-11-27,12.7,12.9,12.4,12.5,12.7,-0.2,-1.57,21394.14,26965.401,2023-08-01
600690.SH,2017-11-27,18.4,18.43,17.86,18.31,18.66,-0.35,-1.88,756257.43,1372738.864,2023-08-01
600691.SH,2017-11-27,2.97,3.01,2.96,2.99,2.97,0.02,0.67,70954.8,21250.941,2023-08-01
600692.SH,2017-11-27,10.94,10.99,10.5,10.6,10.94,-0.34,-3.11,32288.88,34641.486,2023-08-01
600693.SH,2017-11-27,11.31,11.31,10.69,10.8,11.42,-0.62,-5.43,134557.42,147094.732,2023-08-01
600694.SH,2017-11-27,36.47,36.88,36.28,36.57,36.62,-0.05,-0.14,5648.02,20675.435,2023-08-01
600696.SH,2017-11-27,5.94,6.0,5.9,5.91,5.94,-0.03,-0.51,16862.01,10028.236,2023-08-01
002649.SZ,2017-11-27,11.54,11.9,11.41,11.51,11.56,-0.05,-0.43,253155.22,294802.861,2023-08-01
002650.SZ,2017-11-27,6.31,6.38,6.24,6.37,6.39,-0.02,-0.31,62318.59,39364.626,2023-08-01
002651.SZ,2017-11-27,7.7,7.72,7.43,7.45,7.63,-0.18,-2.36,56711.44,42611.138,2023-08-01
002652.SZ,2017-11-27,7.24,7.45,7.16,7.36,7.27,0.09,1.24,56514.43,41465.174,2023-08-01
002653.SZ,2017-11-27,11.95,12.27,11.81,11.95,12.0,-0.05,-0.42,9660.46,11557.001,2023-08-01
002654.SZ,2017-11-27,6.95,7.09,6.89,7.07,6.93,0.14,2.02,41149.9,28852.558,2023-08-01
002655.SZ,2017-11-27,8.16,8.35,8.08,8.2,8.12,0.08,0.99,53640.0,44267.18,2023-08-01
002656.SZ,2017-11-27,23.6,23.6,23.05,23.2,23.57,-0.37,-1.57,36785.82,85475.925,2023-08-01
002657.SZ,2017-11-27,23.49,23.69,23.17,23.24,23.3,-0.06,-0.26,25788.39,60382.491,2023-08-01
002658.SZ,2017-11-27,13.15,13.36,13.04,13.06,13.12,-0.06,-0.46,16671.51,21958.312,2023-08-01
002659.SZ,2017-11-27,13.5,13.55,13.2,13.21,13.44,-0.23,-1.71,3101.37,4140.311,2023-08-01
002660.SZ,2017-11-27,10.05,10.35,10.01,10.06,10.1,-0.04,-0.4,50463.27,51282.524,2023-08-01
002661.SZ,2017-11-27,15.1,15.2,14.94,15.2,15.22,-0.02,-0.13,10563.65,15920.836,2023-08-01
002662.SZ,2017-11-27,7.32,7.34,7.19,7.25,7.3,-0.05,-0.68,54897.29,39852.605,2023-08-01
002663.SZ,2017-11-27,5.31,5.31,5.23,5.31,5.32,-0.01,-0.19,44134.34,23268.814,2023-08-01
002664.SZ,2017-11-27,29.48,29.48,28.42,28.5,29.48,-0.98,-3.32,42057.83,121349.429,2023-08-01
002665.SZ,2017-11-27,7.38,7.4,7.3,7.4,7.38,0.02,0.27,29641.73,21797.528,2023-08-01
002666.SZ,2017-11-27,5.28,5.34,5.23,5.33,5.31,0.02,0.38,33291.61,17565.651,2023-08-01
002667.SZ,2017-11-27,19.4,19.4,19.0,19.29,19.48,-0.19,-0.98,30680.2,58780.385,2023-08-01
002668.SZ,2017-11-27,18.62,19.21,18.35,18.59,18.61,-0.02,-0.11,33938.0,64047.116,2023-08-01
002751.SZ,2017-11-27,40.8,40.8,39.49,40.15,40.04,0.11,0.27,11162.94,44538.483,2023-08-01
002752.SZ,2017-11-27,10.5,10.74,10.45,10.58,10.58,0.0,0.0,8304.5,8771.498,2023-08-01
002753.SZ,2017-11-27,18.49,18.88,18.36,18.66,18.49,0.17,0.92,14043.74,26253.394,2023-08-01
002755.SZ,2017-11-27,28.04,28.04,27.55,27.8,27.84,-0.04,-0.14,3620.0,10072.123,2023-08-01
002757.SZ,2017-11-27,36.0,36.64,34.0,34.68,36.21,-1.53,-4.23,13163.98,46228.311,2023-08-01
002758.SZ,2017-11-27,10.97,10.99,10.8,10.84,10.96,-0.12,-1.09,10824.91,11803.935,2023-08-01
002759.SZ,2017-11-27,26.86,27.09,25.01,27.0,26.9,0.1,0.37,21188.94,56333.553,2023-08-01
002760.SZ,2017-11-27,36.28,36.78,34.5,35.49,36.26,-0.77,-2.12,46127.0,164541.194,2023-08-01
002761.SZ,2017-11-27,34.88,36.29,34.14,35.42,34.88,0.54,1.55,5560.0,19791.908,2023-08-01
002762.SZ,2017-11-27,17.15,17.32,17.02,17.05,17.14,-0.09,-0.53,6854.2,11764.2,2023-08-01
002763.SZ,2017-11-27,14.03,14.3,14.01,14.14,14.09,0.05,0.35,4914.58,6969.489,2023-08-01
002765.SZ,2017-11-27,9.14,9.29,9.04,9.25,9.15,0.1,1.09,16207.0,14822.605,2023-08-01
002766.SZ,2017-11-27,14.9,15.07,14.6,14.68,14.89,-0.21,-1.41,31095.67,45991.34,2023-08-01
002767.SZ,2017-11-27,22.99,23.2,22.0,22.23,22.98,-0.75,-3.26,7919.0,17942.159,2023-08-01
002768.SZ,2017-11-27,24.7,25.48,24.7,25.3,24.68,0.62,2.51,29834.38,75134.092,2023-08-01
002769.SZ,2017-11-27,14.2,14.2,13.96,14.01,14.05,-0.04,-0.28,10945.29,15420.591,2023-08-01
002770.SZ,2017-11-27,4.88,4.88,4.8,4.84,4.88,-0.04,-0.82,33803.2,16331.299,2023-08-01
002771.SZ,2017-11-27,19.35,20.52,19.35,20.24,19.84,0.4,2.02,12216.2,24523.145,2023-08-01
300151.SZ,2017-11-27,7.85,7.88,7.7,7.7,7.8,-0.1,-1.28,11872.0,9267.152,2023-08-01
300153.SZ,2017-11-27,13.14,13.14,12.71,12.71,13.07,-0.36,-2.75,29362.0,37865.435,2023-08-01
300154.SZ,2017-11-27,7.11,7.13,7.03,7.06,7.1,-0.04,-0.56,5872.0,4153.486,2023-08-01
300155.SZ,2017-11-27,6.28,6.32,6.18,6.18,6.27,-0.09,-1.44,17338.25,10820.394,2023-08-01
300157.SZ,2017-11-27,9.84,10.14,9.77,9.85,9.85,0.0,0.0,115512.95,114945.785,2023-08-01
300158.SZ,2017-11-27,14.21,14.24,13.99,14.02,14.19,-0.17,-1.2,10425.17,14722.805,2023-08-01
300160.SZ,2017-11-27,7.45,7.46,7.33,7.34,7.45,-0.11,-1.48,32038.4,23668.424,2023-08-01
300161.SZ,2017-11-27,15.97,16.44,15.89,16.14,16.12,0.02,0.12,24572.89,39863.941,2023-08-01
300162.SZ,2017-11-27,7.99,7.99,7.8,7.82,7.96,-0.14,-1.76,19895.93,15706.205,2023-08-01
300163.SZ,2017-11-27,8.3,8.3,7.58,7.7,7.6,0.1,1.32,200335.77,158664.664,2023-08-01
300164.SZ,2017-11-27,5.81,5.99,5.81,5.88,5.87,0.01,0.17,40208.6,23734.245,2023-08-01
300165.SZ,2017-11-27,6.8,6.86,6.71,6.73,6.78,-0.05,-0.74,20130.0,13644.183,2023-08-01
300166.SZ,2017-11-27,13.0,13.06,12.6,12.65,13.06,-0.41,-3.14,44138.55,56794.463,2023-08-01
300168.SZ,2017-11-27,12.55,12.82,12.35,12.49,12.48,0.01,0.08,90814.18,114590.668,2023-08-01
300169.SZ,2017-11-27,6.43,6.52,6.4,6.47,6.46,0.01,0.15,19912.0,12869.854,2023-08-01
300170.SZ,2017-11-27,10.47,10.71,10.43,10.48,10.57,-0.09,-0.85,65728.25,69722.988,2023-08-01
300268.SZ,2017-11-27,29.49,29.87,29.38,29.62,29.6,0.02,0.07,15437.66,45881.158,2023-08-01
300269.SZ,2017-11-27,17.21,17.49,17.0,17.28,17.22,0.06,0.35,10387.0,17915.874,2023-08-01
300270.SZ,2017-11-27,12.09,12.38,12.0,12.24,12.1,0.14,1.16,42181.1,51547.415,2023-08-01
300271.SZ,2017-11-27,14.0,14.41,13.85,14.15,14.01,0.14,1.0,49579.71,70199.966,2023-08-01
300273.SZ,2017-11-27,8.82,8.88,8.66,8.73,8.8,-0.07,-0.8,42233.0,37049.447,2023-08-01
300274.SZ,2017-11-27,17.59,17.78,16.88,17.22,17.53,-0.31,-1.77,208807.9,361972.273,2023-08-01
300275.SZ,2017-11-27,13.5,13.84,13.35,13.45,13.44,0.01,0.07,50357.24,68367.533,2023-08-01
300276.SZ,2017-11-27,13.76,13.93,13.76,13.83,13.8,0.03,0.22,7670.0,10611.264,2023-08-01
300277.SZ,2017-11-27,10.8,10.97,9.66,9.79,10.73,-0.94,-8.76,163115.55,167783.645,2023-08-01
300279.SZ,2017-11-27,12.32,12.46,11.83,12.16,12.0,0.16,1.33,63848.07,77654.715,2023-08-01
300280.SZ,2017-11-27,32.0,32.0,31.41,31.63,31.5,0.13,0.41,2595.14,8199.676,2023-08-01
300281.SZ,2017-11-27,12.72,12.98,12.5,12.5,12.98,-0.48,-3.7,4964.0,6279.537,2023-08-01
300282.SZ,2017-11-27,21.75,21.93,20.61,20.72,21.94,-1.22,-5.56,41229.01,86991.198,2023-08-01
300283.SZ,2017-11-27,5.88,5.91,5.78,5.82,5.86,-0.04,-0.68,9879.94,5768.199,2023-08-01
300284.SZ,2017-11-27,16.89,17.13,16.83,16.86,16.89,-0.03,-0.18,18560.92,31543.004,2023-08-01
300286.SZ,2017-11-27,18.28,18.58,18.26,18.3,18.42,-0.12,-0.65,3920.68,7215.332,2023-08-01
300287.SZ,2017-11-27,7.88,7.92,7.69,7.72,7.87,-0.15,-1.91,71508.79,55892.741,2023-08-01
002130.SZ,2017-11-27,6.19,6.22,6.1,6.22,6.22,0.0,0.0,45085.0,27823.416,2023-08-01
002131.SZ,2017-11-27,3.0,3.0,2.96,2.98,3.0,-0.02,-0.67,223728.11,66724.569,2023-08-01
002132.SZ,2017-11-27,5.52,5.54,5.35,5.44,5.51,-0.07,-1.27,61142.5,33324.568,2023-08-01
002133.SZ,2017-11-27,4.7,4.74,4.67,4.7,4.71,-0.01,-0.21,26195.0,12328.811,2023-08-01
002135.SZ,2017-11-27,7.33,7.56,7.27,7.4,7.32,0.08,1.09,51141.69,37865.796,2023-08-01
002136.SZ,2017-11-27,14.1,14.1,13.72,13.75,14.1,-0.35,-2.48,20713.39,28803.773,2023-08-01
002137.SZ,2017-11-27,7.11,7.14,6.94,6.98,7.13,-0.15,-2.1,27728.17,19478.429,2023-08-01
002138.SZ,2017-11-27,17.2,17.6,16.96,17.43,17.2,0.23,1.34,83067.82,144363.598,2023-08-01
002139.SZ,2017-11-27,11.7,11.84,11.4,11.45,11.7,-0.25,-2.14,96527.73,112404.903,2023-08-01
002140.SZ,2017-11-27,10.93,10.95,10.82,10.85,10.88,-0.03,-0.28,14335.59,15604.696,2023-08-01
002141.SZ,2017-11-27,8.35,8.6,8.33,8.47,8.28,0.19,2.29,108539.19,92403.527,2023-08-01
002142.SZ,2017-11-27,18.54,18.68,17.89,18.2,18.83,-0.63,-3.35,336809.3,612212.594,2023-08-01
002143.SZ,2017-11-27,12.85,13.15,12.6,13.15,12.95,0.2,1.54,122171.02,157999.814,2023-08-01
002144.SZ,2017-11-27,15.18,15.18,14.51,14.7,15.09,-0.39,-2.58,14332.86,21203.375,2023-08-01
002145.SZ,2017-11-27,5.75,5.76,5.67,5.67,5.78,-0.11,-1.9,76660.0,43714.795,2023-08-01
002146.SZ,2017-11-27,8.58,8.66,8.53,8.56,8.6,-0.04,-0.47,202305.88,174106.019,2023-08-01
002147.SZ,2017-11-27,12.77,12.94,12.76,12.87,12.8,0.07,0.55,10812.59,13902.15,2023-08-01
002148.SZ,2017-11-27,10.0,10.14,9.82,9.84,10.07,-0.23,-2.28,84253.47,84270.068,2023-08-01
002285.SZ,2017-11-27,14.19,14.34,12.82,12.85,14.24,-1.39,-9.76,896706.77,1216736.882,2023-08-01
002286.SZ,2017-11-27,10.44,10.46,10.26,10.31,10.32,-0.01,-0.1,7898.38,8166.159,2023-08-01
002287.SZ,2017-11-27,37.0,37.29,36.58,36.81,36.8,0.01,0.03,5806.74,21476.714,2023-08-01
002288.SZ,2017-11-27,6.07,6.07,5.95,6.06,6.08,-0.02,-0.33,87211.33,52389.852,2023-08-01
002290.SZ,2017-11-27,14.0,14.1,13.91,13.95,14.08,-0.13,-0.92,7555.43,10574.032,2023-08-01
002291.SZ,2017-11-27,7.59,7.6,7.47,7.47,7.62,-0.15,-1.97,21436.0,16137.324,2023-08-01
002292.SZ,2017-11-27,14.73,14.85,14.32,14.38,14.86,-0.48,-3.23,125790.07,182292.031,2023-08-01
002293.SZ,2017-11-27,11.5,12.05,11.32,11.96,11.51,0.45,3.91,65739.85,77719.865,2023-08-01
002294.SZ,2017-11-27,35.9,35.99,34.62,35.15,35.85,-0.7,-1.95,50690.82,177808.729,2023-08-01
002295.SZ,2017-11-27,12.09,12.45,12.09,12.39,12.27,0.12,0.98,10821.95,13343.586,2023-08-01
002296.SZ,2017-11-27,8.81,8.81,8.4,8.66,8.81,-0.15,-1.7,43484.28,37494.927,2023-08-01
002298.SZ,2017-11-27,9.28,9.4,9.2,9.22,9.27,-0.05,-0.54,23644.55,21970.489,2023-08-01
002299.SZ,2017-11-27,14.26,14.68,14.23,14.43,14.26,0.17,1.19,49996.32,72229.688,2023-08-01
002300.SZ,2017-11-27,8.14,8.43,8.07,8.14,8.12,0.02,0.25,30133.8,24722.714,2023-08-01
002301.SZ,2017-11-27,17.26,17.29,17.17,17.19,17.26,-0.07,-0.41,7138.0,12296.003,2023-08-01
002302.SZ,2017-11-27,13.5,14.75,13.37,14.75,13.41,1.34,9.99,236787.64,341710.967,2023-08-01
002303.SZ,2017-11-27,8.12,8.14,7.87,7.89,8.1,-0.21,-2.59,52887.23,42177.311,2023-08-01
002461.SZ,2017-11-27,12.25,12.28,11.75,11.75,12.24,-0.49,-4.0,31418.92,37601.593,2023-08-01
002463.SZ,2017-11-27,5.43,5.45,5.15,5.2,5.48,-0.28,-5.11,290523.34,153960.983,2023-08-01
002464.SZ,2017-11-27,28.71,29.19,28.4,28.54,29.22,-0.68,-2.33,13343.75,38294.162,2023-08-01
002465.SZ,2017-11-27,9.78,9.82,9.61,9.72,9.83,-0.11,-1.12,84230.58,81745.713,2023-08-01
002466.SZ,2017-11-27,67.25,67.69,60.32,60.94,67.02,-6.08,-9.07,334293.52,2125706.214,2023-08-01
002467.SZ,2017-11-27,7.78,7.89,7.63,7.63,7.82,-0.19,-2.43,129674.88,101052.568,2023-08-01
002468.SZ,2017-11-27,24.17,24.19,23.82,24.14,24.2,-0.06,-0.25,23135.74,55583.167,2023-08-01
002469.SZ,2017-11-27,6.53,6.59,6.42,6.5,6.5,0.0,0.0,18899.5,12316.141,2023-08-01
002471.SZ,2017-11-27,4.26,4.26,4.17,4.22,4.25,-0.03,-0.71,45146.63,19006.487,2023-08-01
002472.SZ,2017-11-27,10.0,10.08,9.86,9.98,9.99,-0.01,-0.1,14834.24,14725.661,2023-08-01
002474.SZ,2017-11-27,9.05,9.15,8.99,8.99,9.05,-0.06,-0.66,28578.1,25826.039,2023-08-01
002475.SZ,2017-11-27,25.2,25.2,23.4,24.1,25.28,-1.18,-4.67,238627.63,576912.797,2023-08-01
603157.SH,2017-11-27,17.77,17.96,17.32,17.36,17.77,-0.41,-2.31,21455.77,37901.84,2023-08-01
603158.SH,2017-11-27,18.68,18.87,18.66,18.76,18.77,-0.01,-0.05,1880.0,3531.556,2023-08-01
603160.SH,2017-11-27,123.7,125.68,116.46,116.46,129.4,-12.94,-10.0,51336.84,620501.212,2023-08-01
603165.SH,2017-11-27,62.4,62.4,60.7,60.81,62.63,-1.82,-2.91,8720.0,53569.364,2023-08-01
603166.SH,2017-11-27,8.25,8.58,8.12,8.37,8.09,0.28,3.46,42481.8,35499.046,2023-08-01
603167.SH,2017-11-27,11.13,11.28,11.05,11.07,11.21,-0.14,-1.25,38240.0,42702.367,2023-08-01
603168.SH,2017-11-27,24.2,24.36,23.67,24.18,24.4,-0.22,-0.9,16993.46,40702.393,2023-08-01
603169.SH,2017-11-27,8.7,8.84,8.65,8.81,8.76,0.05,0.57,20714.2,18113.985,2023-08-01
603456.SH,2017-11-27,15.85,16.07,15.71,15.89,15.96,-0.07,-0.44,11862.12,18843.761,2023-08-01
603378.SH,2017-11-27,22.4,22.78,22.01,22.36,22.39,-0.03,-0.13,20389.71,45785.596,2023-08-01
603508.SH,2017-11-27,44.9,45.2,44.42,44.5,44.5,0.0,0.0,3338.0,14961.22,2023-08-01
603515.SH,2017-11-27,42.93,43.79,41.8,42.86,43.31,-0.45,-1.04,12607.33,53923.306,2023-08-01
603517.SH,2017-11-27,40.98,41.35,38.47,38.91,41.47,-2.56,-6.17,22542.4,89614.295,2023-08-01
603518.SH,2017-11-27,20.02,20.14,19.88,19.92,20.02,-0.1,-0.5,3392.0,6785.863,2023-08-01
603703.SH,2017-11-27,20.75,21.16,20.15,20.22,20.84,-0.62,-2.98,55490.24,114634.163,2023-08-01
603718.SH,2017-11-27,11.79,11.79,11.33,11.37,11.8,-0.43,-3.64,11856.0,13642.383,2023-08-01
603726.SH,2017-11-27,33.31,33.4,32.88,33.0,33.38,-0.38,-1.14,2772.0,9164.564,2023-08-01
603727.SH,2017-11-27,23.16,23.29,22.42,22.5,23.25,-0.75,-3.23,24108.32,54970.022,2023-08-01
603728.SH,2017-11-27,23.9,23.98,22.68,22.93,23.78,-0.85,-3.57,35071.97,82102.929,2023-08-01
603729.SH,2017-11-27,69.5,69.94,65.9,67.25,69.53,-2.28,-3.28,12972.36,87201.259,2023-08-01
603730.SH,2017-11-27,37.69,37.9,37.21,37.29,37.66,-0.37,-0.98,12781.31,47907.365,2023-08-01
603737.SH,2017-11-27,70.53,72.64,68.38,71.0,72.53,-1.53,-2.11,5122.08,36088.951,2023-08-01
603757.SH,2017-11-27,69.88,70.22,63.3,66.01,70.31,-4.3,-6.12,16576.88,111770.858,2023-08-01
603766.SH,2017-11-27,6.89,6.91,6.79,6.82,6.89,-0.07,-1.02,66266.41,45354.6,2023-08-01
603777.SH,2017-11-27,28.88,29.15,28.0,28.15,28.91,-0.76,-2.63,11582.0,33025.805,2023-08-01
603778.SH,2017-11-27,7.8,8.03,7.67,7.79,7.82,-0.03,-0.38,43390.47,33993.672,2023-08-01
603779.SH,2017-11-27,17.75,17.99,17.5,17.77,17.8,-0.03,-0.17,8039.68,14267.954,2023-08-01
603979.SH,2017-11-27,10.64,10.72,10.55,10.57,10.71,-0.14,-1.31,20801.54,22101.74,2023-08-01
603988.SH,2017-11-27,51.31,52.83,51.31,52.52,51.4,1.12,2.18,6354.09,33230.127,2023-08-01
603989.SH,2017-11-27,40.02,40.25,38.0,38.1,40.27,-2.17,-5.39,27439.72,107412.874,2023-08-01
603993.SH,2017-11-27,6.65,6.9,6.48,6.55,6.7,-0.15,-2.24,2349626.11,1578892.297,2023-08-01
603996.SH,2017-11-27,18.15,18.22,17.72,18.2,17.96,0.24,1.34,44390.93,80005.258,2023-08-01
603997.SH,2017-11-27,11.46,11.71,11.46,11.65,11.64,0.01,0.09,19741.0,22961.808,2023-08-01
603998.SH,2017-11-27,11.87,11.89,11.38,11.57,11.87,-0.3,-2.53,20539.87,23715.435,2023-08-01
603999.SH,2017-11-27,7.95,7.95,7.85,7.86,7.9,-0.04,-0.51,12333.4,9741.388,2023-08-01
000061.SZ,2017-11-27,7.65,7.74,7.61,7.62,7.68,-0.06,-0.78,17642.16,13548.475,2023-08-01
000062.SZ,2017-11-27,23.68,23.68,23.17,23.22,23.62,-0.4,-1.69,14160.58,33025.589,2023-08-01
000063.SZ,2017-11-27,38.01,38.19,34.36,34.36,38.18,-3.82,-10.01,1683879.19,6011627.109,2023-08-01
000065.SZ,2017-11-27,18.64,18.95,18.63,18.68,18.63,0.05,0.27,27310.97,51280.031,2023-08-01
000066.SZ,2017-11-27,6.9,6.9,6.66,6.67,6.88,-0.21,-3.05,282272.48,190975.687,2023-08-01
000068.SZ,2017-11-27,5.69,5.69,5.55,5.58,5.69,-0.11,-1.93,36093.53,20246.592,2023-08-01
000069.SZ,2017-11-27,9.09,9.13,8.81,8.96,9.08,-0.12,-1.32,398184.4,357251.061,2023-08-01
000070.SZ,2017-11-27,10.38,10.54,10.15,10.2,10.38,-0.18,-1.73,38180.33,39356.055,2023-08-01
000078.SZ,2017-11-27,5.66,5.73,5.63,5.65,5.66,-0.01,-0.18,119496.85,68008.725,2023-08-01
000088.SZ,2017-11-27,8.08,8.17,8.03,8.08,8.08,0.0,0.0,34753.44,28145.327,2023-08-01
000089.SZ,2017-11-27,8.8,8.93,8.77,8.77,8.8,-0.03,-0.34,75020.9,66349.855,2023-08-01
000090.SZ,2017-11-27,10.12,10.16,9.93,9.95,10.12,-0.17,-1.68,42376.68,42424.103,2023-08-01
000096.SZ,2017-11-27,13.21,13.21,13.0,13.02,13.07,-0.05,-0.38,3626.0,4729.228,2023-08-01
000099.SZ,2017-11-27,9.67,9.67,9.43,9.44,9.61,-0.17,-1.77,24370.51,23225.986,2023-08-01
000100.SZ,2017-11-27,4.16,4.2,4.07,4.14,4.2,-0.06,-1.43,1760528.76,728327.22,2023-08-01
000150.SZ,2017-11-27,28.27,28.3,27.61,28.0,28.27,-0.27,-0.96,9467.0,26469.4,2023-08-01
000151.SZ,2017-11-27,13.05,13.27,12.91,13.1,13.0,0.1,0.77,22759.6,29821.663,2023-08-01
000153.SZ,2017-11-27,7.85,7.95,7.79,7.83,7.86,-0.03,-0.38,17639.42,13869.059,2023-08-01
000156.SZ,2017-11-27,13.33,13.41,13.23,13.28,13.41,-0.13,-0.97,21481.74,28547.258,2023-08-01
000157.SZ,2017-11-27,4.4,4.42,4.38,4.39,4.41,-0.02,-0.45,169876.41,74734.451,2023-08-01
000158.SZ,2017-11-27,8.31,8.81,8.24,8.45,8.31,0.14,1.68,92685.04,79316.503,2023-08-01
000159.SZ,2017-11-27,5.62,5.66,5.49,5.52,5.67,-0.15,-2.65,36126.0,20115.024,2023-08-01
000166.SZ,2017-11-27,5.63,5.69,5.61,5.67,5.66,0.01,0.18,316209.08,178913.085,2023-08-01
000301.SZ,2017-11-27,6.05,6.12,5.93,6.09,6.04,0.05,0.83,197004.74,119516.996,2023-08-01
000333.SZ,2017-11-27,53.4,53.4,51.75,52.64,54.1,-1.46,-2.7,433895.81,2272582.852,2023-08-01
002052.SZ,2017-11-27,5.94,5.97,5.75,5.76,6.0,-0.24,-4.0,104865.53,61483.754,2023-08-01
002053.SZ,2017-11-27,10.14,10.3,10.01,10.17,10.08,0.09,0.89,16839.02,17100.916,2023-08-01
002054.SZ,2017-11-27,15.05,15.22,15.0,15.07,15.1,-0.03,-0.2,38689.33,58322.407,2023-08-01
002055.SZ,2017-11-27,22.74,22.78,20.75,21.2,22.92,-1.72,-7.5,80377.95,177580.5,2023-08-01
002056.SZ,2017-11-27,11.7,11.84,10.55,10.79,11.68,-0.89,-7.62,531934.84,600159.861,2023-08-01
002057.SZ,2017-11-27,12.32,12.37,12.12,12.15,12.45,-0.3,-2.41,28334.92,34685.735,2023-08-01
002058.SZ,2017-11-27,21.1,21.57,20.51,20.99,21.75,-0.76,-3.49,25268.33,53235.152,2023-08-01
002059.SZ,2017-11-27,7.85,8.02,7.83,7.9,7.83,0.07,0.89,14997.2,11898.263,2023-08-01
002060.SZ,2017-11-27,3.81,3.81,3.77,3.79,3.79,0.0,0.0,43590.5,16536.925,2023-08-01
002061.SZ,2017-11-27,14.01,14.3,13.33,13.89,14.18,-0.29,-2.05,127191.41,175929.924,2023-08-01
002062.SZ,2017-11-27,5.32,5.32,5.21,5.23,5.29,-0.06,-1.13,17802.1,9333.538,2023-08-01
002063.SZ,2017-11-27,10.2,10.29,10.16,10.19,10.17,0.02,0.2,28724.39,29389.426,2023-08-01
002064.SZ,2017-11-27,4.73,4.81,4.71,4.75,4.73,0.02,0.42,40710.83,19377.294,2023-08-01
002065.SZ,2017-11-27,9.39,9.45,9.25,9.34,9.4,-0.06,-0.64,127357.39,119153.104,2023-08-01
600449.SH,2017-11-27,11.14,11.44,11.14,11.16,11.13,0.03,0.27,90380.11,101962.491,2023-08-01
600452.SH,2017-11-27,37.05,37.25,35.52,35.7,37.04,-1.34,-3.62,9560.62,34519.216,2023-08-01
600455.SH,2017-11-27,36.02,36.74,35.92,36.32,36.81,-0.49,-1.33,4110.16,14872.023,2023-08-01
600456.SH,2017-11-27,19.4,20.1,19.35,19.79,19.38,0.41,2.12,74716.44,147621.532,2023-08-01
600458.SH,2017-11-27,11.11,11.5,11.11,11.32,11.16,0.16,1.43,60277.97,68275.877,2023-08-01
600459.SH,2017-11-27,23.64,23.74,22.78,22.86,23.6,-0.74,-3.14,57547.91,133554.554,2023-08-01
600460.SH,2017-11-27,11.01,11.3,10.28,10.56,11.3,-0.74,-6.55,1068022.37,1152816.364,2023-08-01
600461.SH,2017-11-27,6.49,6.5,6.38,6.43,6.5,-0.07,-1.08,29622.5,19045.358,2023-08-01
600462.SH,2017-11-27,4.52,4.62,4.49,4.54,4.55,-0.01,-0.22,54522.0,24844.298,2023-08-01
600463.SH,2017-11-27,12.32,12.59,12.21,12.32,12.49,-0.17,-1.36,10519.6,12970.08,2023-08-01
600466.SH,2017-11-27,8.35,8.65,8.35,8.47,8.49,-0.02,-0.24,135086.77,115206.77,2023-08-01
600467.SH,2017-11-27,3.12,3.14,3.08,3.11,3.12,-0.01,-0.32,51676.14,16073.605,2023-08-01
600468.SH,2017-11-27,6.19,6.22,6.05,6.11,6.2,-0.09,-1.45,29784.11,18271.912,2023-08-01
600469.SH,2017-11-27,6.4,6.4,6.3,6.32,6.4,-0.08,-1.25,13657.16,8644.944,2023-08-01
600470.SH,2017-11-27,5.59,5.64,5.49,5.55,5.59,-0.04,-0.72,25177.0,14038.711,2023-08-01
600475.SH,2017-11-27,14.84,14.88,14.6,14.61,14.84,-0.23,-1.55,14311.0,21032.318,2023-08-01
600476.SH,2017-11-27,20.9,20.99,20.12,20.22,20.25,-0.03,-0.15,21519.0,44256.284,2023-08-01
600521.SH,2017-11-27,24.0,24.21,23.4,23.46,24.01,-0.55,-2.29,31263.18,74441.61,2023-08-01
600522.SH,2017-11-27,14.98,14.98,14.13,14.39,15.05,-0.66,-4.39,960268.91,1378839.378,2023-08-01
600523.SH,2017-11-27,16.67,16.9,16.5,16.72,16.72,0.0,0.0,7386.76,12352.46,2023-08-01
600525.SH,2017-11-27,16.67,16.91,16.29,16.38,16.91,-0.53,-3.13,82370.68,135991.062,2023-08-01
600526.SH,2017-11-27,9.89,9.97,9.8,9.83,9.87,-0.04,-0.41,32304.02,32022.074,2023-08-01
600527.SH,2017-11-27,5.52,5.53,5.34,5.35,5.55,-0.2,-3.6,68000.0,36739.752,2023-08-01
600528.SH,2017-11-27,12.45,12.94,12.42,12.54,12.4,0.14,1.13,131640.9,167819.856,2023-08-01
600529.SH,2017-11-27,18.6,19.16,18.55,18.75,18.57,0.18,0.97,18927.45,35720.144,2023-08-01
600531.SH,2017-11-27,6.88,6.92,6.83,6.84,6.9,-0.06,-0.87,36583.26,25131.687,2023-08-01
600532.SH,2017-11-27,11.55,11.7,11.42,11.47,11.66,-0.19,-1.63,34684.0,40010.417,2023-08-01
600533.SH,2017-11-27,5.59,5.73,5.56,5.67,5.59,0.08,1.43,50535.01,28661.341,2023-08-01
600535.SH,2017-11-27,38.16,38.6,37.93,38.51,38.46,0.05,0.13,38379.73,147324.229,2023-08-01
600536.SH,2017-11-27,17.17,17.24,16.77,16.79,17.08,-0.29,-1.7,23166.28,39451.516,2023-08-01
600537.SH,2017-11-27,4.79,4.79,4.7,4.72,4.8,-0.08,-1.67,54772.79,25917.874,2023-08-01
600538.SH,2017-11-27,5.53,5.87,5.5,5.8,5.61,0.19,3.39,145597.67,83838.396,2023-08-01
600543.SH,2017-11-27,9.21,9.46,9.07,9.3,9.19,0.11,1.2,18048.46,16745.069,2023-08-01
600545.SH,2017-11-27,10.66,11.3,10.45,10.53,10.69,-0.16,-1.5,153536.99,165279.478,2023-08-01
600571.SH,2017-11-27,11.05,11.29,10.9,10.93,11.13,-0.2,-1.8,40577.03,45173.174,2023-08-01
600572.SH,2017-11-27,7.1,7.1,7.0,7.01,7.1,-0.09,-1.27,60487.0,42569.83,2023-08-01
600573.SH,2017-11-27,8.63,8.64,8.41,8.43,8.68,-0.25,-2.88,10262.75,8740.419,2023-08-01
600575.SH,2017-11-27,4.08,4.11,4.05,4.09,4.09,0.0,0.0,40624.0,16603.099,2023-08-01
600576.SH,2017-11-27,8.22,8.33,8.11,8.15,8.29,-0.14,-1.69,37543.81,30687.114,2023-08-01
600577.SH,2017-11-27,3.9,3.91,3.86,3.88,3.89,-0.01,-0.26,46501.5,18081.129,2023-08-01
600578.SH,2017-11-27,3.68,3.7,3.64,3.65,3.69,-0.04,-1.08,42270.81,15480.824,2023-08-01
600580.SH,2017-11-27,8.27,8.31,7.91,7.98,8.3,-0.32,-3.86,123120.38,100019.019,2023-08-01
600581.SH,2017-11-27,15.71,16.07,14.92,14.96,15.38,-0.42,-2.73,493395.5,768470.638,2023-08-01
600582.SH,2017-11-27,4.67,4.74,4.61,4.61,4.7,-0.09,-1.91,72351.26,33800.472,2023-08-01
600583.SH,2017-11-27,6.11,6.19,6.06,6.09,6.06,0.03,0.5,138711.15,85046.021,2023-08-01
600584.SH,2017-11-27,21.79,21.9,20.2,20.88,22.23,-1.35,-6.07,495148.26,1046062.916,2023-08-01
600977.SH,2017-11-27,14.79,15.06,14.55,14.77,14.82,-0.05,-0.34,66142.59,97627.798,2023-08-01
600978.SH,2017-11-27,9.66,9.71,9.53,9.63,9.72,-0.09,-0.93,140730.1,135438.227,2023-08-01
600979.SH,2017-11-27,5.22,5.22,5.17,5.21,5.23,-0.02,-0.38,20915.5,10868.881,2023-08-01
600980.SH,2017-11-27,16.3,16.45,15.77,15.92,16.36,-0.44,-2.69,27914.01,44911.186,2023-08-01
600981.SH,2017-11-27,5.99,6.03,5.91,5.95,6.04,-0.09,-1.49,12499.11,7456.645,2023-08-01
600982.SH,2017-11-27,4.27,4.35,4.24,4.32,4.28,0.04,0.93,26863.72,11530.271,2023-08-01
600983.SH,2017-11-27,7.51,7.56,7.46,7.54,7.52,0.02,0.27,12204.54,9155.235,2023-08-01
600984.SH,2017-11-27,6.78,6.82,6.71,6.72,6.78,-0.06,-0.89,26092.0,17624.254,2023-08-01
600986.SH,2017-11-27,10.92,10.93,10.7,10.71,10.92,-0.21,-1.92,28956.0,31291.954,2023-08-01
600987.SH,2017-11-27,11.32,11.39,11.22,11.34,11.32,0.02,0.18,11222.66,12709.216,2023-08-01
600988.SH,2017-11-27,5.55,5.56,5.48,5.52,5.56,-0.04,-0.72,65742.0,36229.419,2023-08-01
600990.SH,2017-11-27,64.07,66.76,62.83,64.57,64.07,0.5,0.78,22911.31,148931.791,2023-08-01
600992.SH,2017-11-27,12.06,12.12,11.69,11.87,12.06,-0.19,-1.58,19175.96,22637.969,2023-08-01
600993.SH,2017-11-27,22.69,23.15,22.45,22.65,22.81,-0.16,-0.7,93486.54,212867.677,2023-08-01
600995.SH,2017-11-27,9.38,9.42,9.28,9.29,9.38,-0.09,-0.96,23603.0,22028.644,2023-08-01
600996.SH,2017-11-27,10.29,10.35,10.08,10.09,10.3,-0.21,-2.04,20569.06,20949.408,2023-08-01
600997.SH,2017-11-27,5.9,6.08,5.9,5.95,5.94,0.01,0.17,238275.64,143002.319,2023-08-01
600998.SH,2017-11-27,18.69,18.75,18.3,18.57,18.71,-0.14,-0.75,29247.38,54008.034,2023-08-01
600999.SH,2017-11-27,19.4,19.72,19.1,19.57,19.54,0.03,0.15,308731.99,599158.348,2023-08-01
601000.SH,2017-11-27,4.46,4.65,4.45,4.54,4.45,0.09,2.02,333820.53,152182.999,2023-08-01
603813.SH,2017-11-27,30.0,30.72,29.45,29.87,30.0,-0.13,-0.43,14675.05,44251.196,2023-08-01
601111.SH,2017-11-27,10.94,11.0,10.41,10.63,11.11,-0.48,-4.32,479058.58,511501.977,2023-08-01
601113.SH,2017-11-27,12.14,12.79,12.09,12.76,12.34,0.42,3.4,33824.81,42695.242,2023-08-01
601116.SH,2017-11-27,20.01,20.05,19.42,19.6,20.41,-0.81,-3.97,42852.09,84680.527,2023-08-01
601117.SH,2017-11-27,6.22,6.31,6.19,6.26,6.22,0.04,0.64,179576.91,112374.46,2023-08-01
601118.SH,2017-11-27,5.61,5.63,5.5,5.52,5.61,-0.09,-1.6,108412.59,60289.439,2023-08-01
601126.SH,2017-11-27,8.15,8.37,8.15,8.25,8.18,0.07,0.86,26074.57,21608.115,2023-08-01
601127.SH,2017-11-27,20.58,21.25,20.47,20.73,20.65,0.08,0.39,48089.55,100766.153,2023-08-01
601128.SH,2017-11-27,7.19,7.19,7.01,7.09,7.22,-0.13,-1.8,100535.08,71156.393,2023-08-01
601137.SH,2017-11-27,12.65,12.81,12.2,12.32,12.74,-0.42,-3.3,38014.0,47555.425,2023-08-01
601139.SH,2017-11-27,7.77,7.8,7.66,7.73,7.77,-0.04,-0.51,37332.21,28836.762,2023-08-01
601155.SH,2017-11-27,24.6,25.61,24.16,24.57,24.48,0.09,0.37,160806.54,398900.638,2023-08-01
601158.SH,2017-11-27,6.43,6.44,6.39,6.41,6.43,-0.02,-0.31,25347.0,16236.294,2023-08-01
601163.SH,2017-11-27,22.2,22.23,22.01,22.09,22.17,-0.08,-0.36,16696.1,36936.143,2023-08-01
601166.SH,2017-11-27,17.79,17.88,17.56,17.84,17.86,-0.02,-0.11,1394299.45,2471612.734,2023-08-01
601168.SH,2017-11-27,7.52,7.69,7.39,7.43,7.55,-0.12,-1.59,237624.02,179445.128,2023-08-01
601169.SH,2017-11-27,7.56,7.59,7.47,7.58,7.57,0.01,0.13,642386.08,483940.39,2023-08-01
601177.SH,2017-11-27,7.98,8.06,7.88,7.98,7.96,0.02,0.25,10804.0,8621.247,2023-08-01
601179.SH,2017-11-27,4.6,4.61,4.51,4.53,4.6,-0.07,-1.52,93711.74,42704.202,2023-08-01
601186.SH,2017-11-27,11.82,11.96,11.67,11.78,11.76,0.02,0.17,371247.02,438003.599,2023-08-01
601188.SH,2017-11-27,4.1,4.16,4.07,4.14,4.11,0.03,0.73,19675.77,8110.55,2023-08-01
601198.SH,2017-11-27,16.59,16.87,16.56,16.71,16.68,0.03,0.18,47991.15,80100.98,2023-08-01
601199.SH,2017-11-27,5.55,5.56,5.52,5.53,5.55,-0.02,-0.36,18689.7,10355.41,2023-08-01
601788.SH,2017-11-27,15.07,15.2,15.03,15.18,15.16,0.02,0.13,110043.13,166553.068,2023-08-01
601789.SH,2017-11-27,4.58,4.62,4.53,4.55,4.5,0.05,1.11,63610.02,29078.873,2023-08-01
601799.SH,2017-11-27,47.49,50.09,47.0,49.61,48.08,1.53,3.18,20146.65,99171.859,2023-08-01
601800.SH,2017-11-27,14.13,14.45,14.11,14.19,14.17,0.02,0.14,116490.92,166189.599,2023-08-01
601801.SH,2017-11-27,11.03,11.04,10.7,10.73,11.01,-0.28,-2.54,40708.46,44189.487,2023-08-01
601808.SH,2017-11-27,11.05,11.1,10.85,10.89,11.05,-0.16,-1.45,37420.85,41139.461,2023-08-01
601811.SH,2017-11-27,13.38,13.44,13.19,13.28,13.37,-0.09,-0.67,8813.61,11721.258,2023-08-01
601818.SH,2017-11-27,4.17,4.19,4.13,4.18,4.18,0.0,0.0,1821800.19,757750.625,2023-08-01
601857.SH,2017-11-27,8.4,8.55,8.32,8.34,8.4,-0.06,-0.71,581735.63,489085.647,2023-08-01
601858.SH,2017-11-27,10.36,10.51,10.29,10.38,10.39,-0.01,-0.1,15051.44,15691.846,2023-08-01
601866.SH,2017-11-27,3.54,3.55,3.5,3.51,3.54,-0.03,-0.85,96198.1,33857.088,2023-08-01
601872.SH,2017-11-27,4.49,4.5,4.4,4.44,4.49,-0.05,-1.11,74444.9,33206.17,2023-08-01
600249.SH,2017-11-27,6.0,6.05,5.92,6.01,6.02,-0.01,-0.17,42620.26,25501.594,2023-08-01
600250.SH,2017-11-27,13.8,13.9,13.0,13.11,13.86,-0.75,-5.41,13240.08,17772.078,2023-08-01
600251.SH,2017-11-27,7.67,7.7,7.52,7.55,7.69,-0.14,-1.82,74505.88,56726.288,2023-08-01
600252.SH,2017-11-27,4.02,4.04,3.99,3.99,4.02,-0.03,-0.75,112840.9,45156.522,2023-08-01
600255.SH,2017-11-27,3.84,3.95,3.82,3.86,3.84,0.02,0.52,270436.66,105391.328,2023-08-01
600256.SH,2017-11-27,4.21,4.23,4.11,4.12,4.19,-0.07,-1.67,234153.55,97828.365,2023-08-01
600258.SH,2017-11-27,28.46,28.46,27.61,27.68,28.46,-0.78,-2.74,13481.15,37608.73,2023-08-01
600259.SH,2017-11-27,40.5,41.67,39.85,40.41,40.58,-0.17,-0.42,91541.46,373172.575,2023-08-01
600260.SH,2017-11-27,29.48,29.63,28.73,28.81,29.3,-0.49,-1.67,50307.0,146603.087,2023-08-01
600261.SH,2017-11-27,5.34,5.34,5.18,5.19,5.34,-0.15,-2.81,80854.57,42333.827,2023-08-01
600262.SH,2017-11-27,22.56,22.86,22.0,22.16,22.96,-0.8,-3.48,20302.01,45308.139,2023-08-01
600266.SH,2017-11-27,14.23,14.3,14.1,14.24,14.23,0.01,0.07,80821.11,114661.74,2023-08-01
600268.SH,2017-11-27,6.05,6.08,6.0,6.02,6.05,-0.03,-0.5,11509.5,6942.824,2023-08-01
600269.SH,2017-11-27,5.17,5.19,5.14,5.15,5.18,-0.03,-0.58,53205.65,27482.394,2023-08-01
600270.SH,2017-11-27,17.24,17.29,16.75,16.81,17.22,-0.41,-2.38,74229.78,125693.305,2023-08-01
600271.SH,2017-11-27,21.32,22.18,20.68,20.7,21.38,-0.68,-3.18,328775.43,708662.327,2023-08-01
600272.SH,2017-11-27,11.21,11.33,11.0,11.11,11.59,-0.48,-4.14,17540.15,19537.926,2023-08-01
600275.SH,2017-11-27,6.39,6.64,6.35,6.64,6.32,0.32,5.06,48607.23,31702.522,2023-08-01
600276.SH,2017-11-27,65.01,66.0,63.51,64.23,65.24,-1.01,-1.55,120598.6,778243.028,2023-08-01
600091.SH,2017-11-27,6.02,6.08,5.97,5.99,6.02,-0.03,-0.5,12106.23,7277.128,2023-08-01
600093.SH,2017-11-27,10.57,10.65,10.44,10.5,10.57,-0.07,-0.66,14404.5,15136.893,2023-08-01
600094.SH,2017-11-27,7.44,7.45,7.3,7.31,7.41,-0.1,-1.35,16036.98,11816.327,2023-08-01
600095.SH,2017-11-27,6.22,6.26,6.15,6.19,6.22,-0.03,-0.48,27059.85,16796.495,2023-08-01
600096.SH,2017-11-27,7.49,7.53,7.3,7.35,7.47,-0.12,-1.61,33485.25,24866.406,2023-08-01
600097.SH,2017-11-27,16.89,16.96,16.75,16.92,16.91,0.01,0.06,8230.0,13919.192,2023-08-01
600098.SH,2017-11-27,6.88,6.89,6.8,6.88,6.89,-0.01,-0.15,62838.17,42999.834,2023-08-01
600099.SH,2017-11-27,9.87,9.89,9.68,9.7,9.88,-0.18,-1.82,6209.0,6067.005,2023-08-01
600100.SH,2017-11-27,11.61,11.66,11.13,11.15,11.69,-0.54,-4.62,378254.18,431880.399,2023-08-01
600101.SH,2017-11-27,9.14,9.18,9.04,9.05,9.15,-0.1,-1.09,12573.0,11420.788,2023-08-01
600103.SH,2017-11-27,3.93,3.93,3.88,3.89,3.93,-0.04,-1.02,44082.4,17185.409,2023-08-01
600104.SH,2017-11-27,31.72,31.83,30.84,31.75,31.9,-0.15,-0.47,394815.87,1242401.21,2023-08-01
600105.SH,2017-11-27,7.37,7.42,7.14,7.2,7.37,-0.17,-2.31,57013.39,41325.369,2023-08-01
600106.SH,2017-11-27,4.61,4.65,4.53,4.61,4.61,0.0,0.0,45917.14,21058.042,2023-08-01
600107.SH,2017-11-27,11.0,11.04,10.86,10.88,11.0,-0.12,-1.09,23590.67,25850.408,2023-08-01
600108.SH,2017-11-27,4.0,4.04,3.97,4.02,4.0,0.02,0.5,89289.2,35831.516,2023-08-01
600109.SH,2017-11-27,10.81,10.93,10.7,10.85,10.83,0.02,0.18,142087.58,153770.789,2023-08-01
600110.SH,2017-11-27,10.64,10.79,10.57,10.66,10.8,-0.14,-1.3,157516.33,167967.409,2023-08-01
600382.SH,2017-11-27,13.1,13.28,12.99,13.15,13.06,0.09,0.69,24753.01,32620.832,2023-08-01
600383.SH,2017-11-27,12.21,12.5,12.05,12.3,12.28,0.02,0.16,281851.16,346232.675,2023-08-01
600385.SH,2017-11-27,12.76,12.88,12.6,12.65,12.83,-0.18,-1.4,6107.01,7784.501,2023-08-01
600386.SH,2017-11-27,5.74,5.74,5.58,5.62,5.7,-0.08,-1.4,19861.0,11274.404,2023-08-01
600387.SH,2017-11-27,10.1,10.25,9.95,9.99,10.19,-0.2,-1.96,22138.65,22373.937,2023-08-01
600388.SH,2017-11-27,16.05,16.27,15.6,15.62,16.17,-0.55,-3.4,130645.33,206970.053,2023-08-01
600389.SH,2017-11-27,15.79,17.28,15.79,16.89,15.79,1.1,6.97,37584.97,63163.088,2023-08-01
600390.SH,2017-11-27,11.9,12.18,11.85,11.96,11.94,0.02,0.17,41846.71,50426.353,2023-08-01
600391.SH,2017-11-27,22.01,22.38,21.57,21.79,22.0,-0.21,-0.95,20773.19,45619.793,2023-08-01
600392.SH,2017-11-27,16.46,17.03,16.33,16.44,16.64,-0.2,-1.2,408799.65,681660.445,2023-08-01
600393.SH,2017-11-27,6.5,6.59,6.42,6.58,6.54,0.04,0.61,54736.45,35644.971,2023-08-01
600395.SH,2017-11-27,6.8,6.88,6.7,6.74,6.81,-0.07,-1.03,74985.56,51017.531,2023-08-01
600396.SH,2017-11-27,3.09,3.11,3.08,3.1,3.11,-0.01,-0.32,18633.0,5764.937,2023-08-01
600398.SH,2017-11-27,9.25,9.29,9.06,9.1,9.24,-0.14,-1.52,102051.67,93277.762,2023-08-01
600399.SH,2017-11-27,5.5,5.58,5.49,5.53,5.5,0.03,0.55,52029.89,28848.549,2023-08-01
600844.SH,2017-11-27,5.36,5.59,5.31,5.37,5.32,0.05,0.94,46822.02,25650.8,2023-08-01
600845.SH,2017-11-27,17.17,17.27,16.8,16.83,17.3,-0.47,-2.72,20496.0,35005.656,2023-08-01
600846.SH,2017-11-27,9.26,9.79,9.2,9.47,9.25,0.22,2.38,305613.8,291247.696,2023-08-01
600847.SH,2017-11-27,16.18,16.58,15.87,16.17,16.18,-0.01,-0.06,6629.97,10654.968,2023-08-01
600848.SH,2017-11-27,24.4,24.95,24.01,24.2,24.44,-0.24,-0.98,58332.89,142678.749,2023-08-01
600850.SH,2017-11-27,22.99,23.28,22.41,22.57,22.95,-0.38,-1.66,42608.73,97470.862,2023-08-01
600851.SH,2017-11-27,11.35,11.49,10.87,10.96,11.44,-0.48,-4.2,49353.94,55242.709,2023-08-01
600853.SH,2017-11-27,5.05,5.06,5.0,5.01,5.05,-0.04,-0.79,17105.23,8590.18,2023-08-01
600854.SH,2017-11-27,5.33,5.35,5.28,5.3,5.36,-0.06,-1.12,38748.35,20586.803,2023-08-01
600857.SH,2017-11-27,10.78,11.03,10.78,10.87,10.88,-0.01,-0.09,7159.0,7809.749,2023-08-01
600858.SH,2017-11-27,7.43,7.53,7.43,7.48,7.46,0.02,0.27,10967.0,8216.973,2023-08-01
600861.SH,2017-11-27,10.01,10.06,9.95,9.98,10.01,-0.03,-0.3,11265.0,11279.302,2023-08-01
600862.SH,2017-11-27,9.77,10.3,9.71,9.99,9.89,0.1,1.01,83086.21,83680.201,2023-08-01
300426.SZ,2017-11-27,20.75,21.34,20.4,20.53,20.76,-0.23,-1.11,28876.9,60121.856,2023-08-01
300478.SZ,2017-11-27,42.9,43.71,42.55,43.35,43.35,0.0,0.0,3094.0,13401.816,2023-08-01
300479.SZ,2017-11-27,20.93,21.35,20.67,20.76,21.25,-0.49,-2.31,22871.37,47938.14,2023-08-01
300480.SZ,2017-11-27,17.17,17.28,16.25,16.34,17.25,-0.91,-5.28,15471.86,25879.875,2023-08-01
300481.SZ,2017-11-27,23.0,23.17,22.78,22.78,22.98,-0.2,-0.87,9604.42,22087.115,2023-08-01
300482.SZ,2017-11-27,75.0,75.0,67.57,67.6,72.39,-4.79,-6.62,18621.46,130245.767,2023-08-01
300484.SZ,2017-11-27,24.49,25.0,24.09,24.39,24.33,0.06,0.25,7264.76,17830.723,2023-08-01
300485.SZ,2017-11-27,29.25,29.39,28.88,28.9,29.25,-0.35,-1.2,3964.4,11536.279,2023-08-01
300486.SZ,2017-11-27,20.0,20.26,19.72,20.15,20.09,0.06,0.3,8768.28,17579.639,2023-08-01
300487.SZ,2017-11-27,18.08,18.26,17.71,18.0,18.01,-0.01,-0.06,17117.5,30785.681,2023-08-01
300488.SZ,2017-11-27,31.89,32.38,31.33,31.91,31.83,0.08,0.25,5499.6,17586.372,2023-08-01
300489.SZ,2017-11-27,21.19,21.44,20.95,21.18,21.19,-0.01,-0.05,3559.86,7548.958,2023-08-01
300490.SZ,2017-11-27,15.12,15.19,14.82,14.86,15.16,-0.3,-1.98,8019.0,12023.451,2023-08-01
300491.SZ,2017-11-27,20.25,20.78,20.03,20.16,20.27,-0.11,-0.54,9942.82,20390.387,2023-08-01
300493.SZ,2017-11-27,14.31,14.4,13.38,13.38,14.52,-1.14,-7.85,47499.68,65773.455,2023-08-01
000681.SZ,2017-11-27,18.16,18.64,18.11,18.35,18.16,0.19,1.05,28290.0,52095.052,2023-08-01
000682.SZ,2017-11-27,4.61,4.62,4.44,4.45,4.6,-0.15,-3.26,36489.33,16526.074,2023-08-01
000683.SZ,2017-11-27,2.85,2.86,2.83,2.84,2.84,0.0,0.0,151776.45,43117.108,2023-08-01
000685.SZ,2017-11-27,10.28,10.28,10.16,10.17,10.3,-0.13,-1.26,50905.39,51939.222,2023-08-01
000686.SZ,2017-11-27,9.24,9.36,9.16,9.28,9.27,0.01,0.11,127822.98,118411.304,2023-08-01
000687.SZ,2017-11-27,11.27,11.93,11.2,11.51,11.25,0.26,2.31,84840.44,98421.068,2023-08-01
000690.SZ,2017-11-27,7.89,8.18,7.84,8.13,7.89,0.24,3.04,217448.12,175154.642,2023-08-01
000691.SZ,2017-11-27,7.29,7.49,7.26,7.39,7.38,0.01,0.14,35090.0,25947.829,2023-08-01
000692.SZ,2017-11-27,5.05,5.16,5.03,5.08,5.03,0.05,0.99,26459.0,13462.648,2023-08-01
000697.SZ,2017-11-27,23.57,23.8,23.13,23.17,23.77,-0.6,-2.52,32362.32,76035.183,2023-08-01
000698.SZ,2017-11-27,5.7,5.78,5.67,5.7,5.78,-0.08,-1.38,30199.16,17272.469,2023-08-01
000700.SZ,2017-11-27,5.96,5.97,5.77,5.78,6.04,-0.26,-4.3,123238.23,72168.278,2023-08-01
000701.SZ,2017-11-27,10.57,10.64,10.5,10.52,10.57,-0.05,-0.47,15360.51,16244.074,2023-08-01
000702.SZ,2017-11-27,7.65,7.68,7.45,7.45,7.65,-0.2,-2.61,22900.11,17319.008,2023-08-01
000703.SZ,2017-11-27,16.58,17.44,16.45,16.7,16.6,0.1,0.6,178268.93,302090.637,2023-08-01
000705.SZ,2017-11-27,8.7,8.86,8.62,8.65,8.72,-0.07,-0.8,11984.52,10438.561,2023-08-01
002851.SZ,2017-11-27,37.85,38.19,37.37,37.37,37.85,-0.48,-1.27,5213.0,19724.136,2023-08-01
002852.SZ,2017-11-27,35.76,36.9,34.89,35.99,35.98,0.01,0.03,14309.45,51664.001,2023-08-01
002853.SZ,2017-11-27,34.4,35.88,34.1,35.27,33.12,2.15,6.49,86856.08,303775.106,2023-08-01
002855.SZ,2017-11-27,12.97,12.97,12.66,12.66,12.94,-0.28,-2.16,6687.0,8552.365,2023-08-01
002856.SZ,2017-11-27,42.38,45.01,39.04,45.01,43.38,1.63,3.76,61335.82,257443.255,2023-08-01
002857.SZ,2017-11-27,30.63,31.11,30.4,30.5,30.6,-0.1,-0.33,2227.0,6806.289,2023-08-01
002858.SZ,2017-11-27,40.88,41.48,40.09,40.58,41.41,-0.83,-2.0,2118.0,8658.346,2023-08-01
002859.SZ,2017-11-27,34.25,35.05,33.88,34.4,34.25,0.15,0.44,16460.5,56922.565,2023-08-01
002860.SZ,2017-11-27,52.52,52.95,48.59,48.9,53.99,-5.09,-9.43,28773.08,145374.095,2023-08-01
002861.SZ,2017-11-27,27.49,27.73,26.5,26.72,27.5,-0.78,-2.84,12000.67,32499.58,2023-08-01
002862.SZ,2017-11-27,30.38,31.0,29.51,30.8,31.0,-0.2,-0.65,2836.0,8545.516,2023-08-01
002863.SZ,2017-11-27,14.69,14.97,14.61,14.7,14.77,-0.07,-0.47,20935.36,31048.253,2023-08-01
002864.SZ,2017-11-27,28.14,28.14,28.14,28.14,25.58,2.56,10.01,1120.44,3152.918,2023-08-01
002865.SZ,2017-11-27,20.12,20.34,19.71,20.19,20.11,0.08,0.4,15058.21,30330.324,2023-08-01
002866.SZ,2017-11-27,35.7,36.69,33.81,34.01,35.52,-1.51,-4.25,34702.12,123494.422,2023-08-01
002867.SZ,2017-11-27,27.15,27.65,27.1,27.25,27.45,-0.2,-0.73,9925.01,27180.935,2023-08-01
002868.SZ,2017-11-27,24.3,24.5,24.19,24.23,24.31,-0.08,-0.33,3736.88,9095.992,2023-08-01
002869.SZ,2017-11-27,31.7,31.87,31.29,31.36,31.59,-0.23,-0.73,5897.86,18660.724,2023-08-01
002870.SZ,2017-11-27,28.17,28.38,27.66,27.69,28.13,-0.44,-1.56,4137.1,11571.789,2023-08-01
002871.SZ,2017-11-27,36.91,37.2,35.51,36.09,36.93,-0.84,-2.27,6027.14,21868.788,2023-08-01
002872.SZ,2017-11-27,32.5,32.58,31.64,31.7,32.51,-0.81,-2.49,12720.22,40624.818,2023-08-01
002873.SZ,2017-11-27,47.29,47.29,44.3,44.35,48.0,-3.65,-7.6,12633.0,57610.786,2023-08-01
002875.SZ,2017-11-27,29.14,29.14,28.33,28.65,29.05,-0.4,-1.38,7907.8,22664.977,2023-08-01
002876.SZ,2017-11-27,69.21,69.81,67.2,67.49,69.81,-2.32,-3.32,4804.0,32959.51,2023-08-01
002877.SZ,2017-11-27,24.0,24.0,23.24,23.27,23.7,-0.43,-1.81,13719.44,32517.836,2023-08-01
300020.SZ,2017-11-27,12.98,13.6,12.82,13.26,13.05,0.21,1.61,241181.39,319754.745,2023-08-01
300021.SZ,2017-11-27,6.75,6.88,6.69,6.75,6.69,0.06,0.9,64062.57,43400.115,2023-08-01
300022.SZ,2017-11-27,5.33,5.52,5.32,5.38,5.37,0.01,0.19,52152.68,28304.674,2023-08-01
300023.SZ,2017-11-27,11.17,11.2,10.91,11.16,11.17,-0.01,-0.09,13182.73,14639.249,2023-08-01
300024.SZ,2017-11-27,19.24,19.53,19.2,19.22,19.24,-0.02,-0.1,70953.77,137362.314,2023-08-01
300025.SZ,2017-11-27,6.51,6.56,6.23,6.32,6.5,-0.18,-2.77,167987.09,106854.105,2023-08-01
300026.SZ,2017-11-27,4.59,4.63,4.45,4.45,4.59,-0.14,-3.05,604211.71,273912.028,2023-08-01
300027.SZ,2017-11-27,8.2,8.48,8.16,8.33,8.11,0.22,2.71,252202.55,210649.119,2023-08-01
300028.SZ,2017-11-27,5.85,6.01,5.54,5.58,6.16,-0.58,-9.42,215621.81,124419.247,2023-08-01
300029.SZ,2017-11-27,8.06,8.16,7.96,7.97,8.06,-0.09,-1.12,12900.11,10384.657,2023-08-01
300030.SZ,2017-11-27,8.7,8.77,8.61,8.68,8.7,-0.02,-0.23,17840.0,15498.504,2023-08-01
300031.SZ,2017-11-27,17.02,17.02,16.72,16.72,17.02,-0.3,-1.76,17894.0,30038.197,2023-08-01
300033.SZ,2017-11-27,50.3,50.96,50.13,50.26,50.6,-0.34,-0.67,27453.96,138932.717,2023-08-01
300035.SZ,2017-11-27,7.8,7.96,7.71,7.76,7.72,0.04,0.52,103786.6,81622.905,2023-08-01
300036.SZ,2017-11-27,15.75,16.03,15.5,15.6,15.72,-0.12,-0.76,34412.0,54212.871,2023-08-01
300037.SZ,2017-11-27,20.45,20.55,19.74,19.8,20.53,-0.73,-3.56,36755.59,73808.192,2023-08-01
000708.SZ,2017-11-27,11.74,12.04,11.74,11.87,11.7,0.17,1.45,40790.01,48594.888,2023-08-01
000709.SZ,2017-11-27,4.0,4.06,4.0,4.03,4.01,0.02,0.5,676477.61,272971.993,2023-08-01
000710.SZ,2017-11-27,59.17,61.4,59.17,59.37,60.06,-0.69,-1.15,24961.83,150538.923,2023-08-01
000711.SZ,2017-11-27,13.0,13.22,12.6,13.0,13.09,-0.09,-0.69,54259.73,70386.073,2023-08-01
000712.SZ,2017-11-27,16.75,16.97,16.66,16.71,16.88,-0.17,-1.01,49641.66,83326.206,2023-08-01
000713.SZ,2017-11-27,7.17,7.2,7.11,7.13,7.21,-0.08,-1.11,12558.24,8983.159,2023-08-01
000715.SZ,2017-11-27,9.18,9.27,9.12,9.16,9.17,-0.01,-0.11,5737.56,5269.192,2023-08-01
000716.SZ,2017-11-27,5.47,5.55,5.46,5.49,5.48,0.01,0.18,47992.0,26462.201,2023-08-01
000717.SZ,2017-11-27,9.25,9.5,9.01,9.05,9.0,0.05,0.56,1218344.05,1130320.029,2023-08-01
000718.SZ,2017-11-27,4.85,4.86,4.78,4.86,4.85,0.01,0.21,80141.21,38678.266,2023-08-01
000719.SZ,2017-11-27,9.61,9.64,9.44,9.48,9.6,-0.12,-1.25,13091.0,12496.881,2023-08-01
000721.SZ,2017-11-27,5.89,5.91,5.79,5.81,5.89,-0.08,-1.36,23531.0,13733.22,2023-08-01
000722.SZ,2017-11-27,9.7,9.78,9.66,9.69,9.7,-0.01,-0.1,12549.49,12187.476,2023-08-01
000723.SZ,2017-11-27,7.51,7.59,7.45,7.5,7.51,-0.01,-0.13,49452.18,37173.987,2023-08-01
000725.SZ,2017-11-27,5.55,5.57,5.2,5.22,5.78,-0.56,-9.69,25011258.48,13405957.49,2023-08-01
000726.SZ,2017-11-27,10.8,10.83,10.61,10.64,10.79,-0.15,-1.39,54453.75,58436.762,2023-08-01
000727.SZ,2017-11-27,2.48,2.53,2.48,2.51,2.49,0.02,0.8,190268.0,47718.281,2023-08-01
000728.SZ,2017-11-27,12.19,12.48,12.06,12.25,12.22,0.03,0.25,167654.33,205447.211,2023-08-01
000810.SZ,2017-11-27,9.15,9.17,8.91,8.93,9.17,-0.24,-2.62,19651.26,17712.072,2023-08-01
000811.SZ,2017-11-27,8.18,8.32,8.08,8.29,8.18,0.11,1.34,53407.19,44025.538,2023-08-01
000812.SZ,2017-11-27,7.88,7.88,7.73,7.87,7.9,-0.03,-0.38,39329.98,30692.063,2023-08-01
000813.SZ,2017-11-27,8.88,9.56,8.88,9.3,8.97,0.33,3.68,145286.66,135098.643,2023-08-01
000815.SZ,2017-11-27,17.49,17.49,16.8,16.83,17.39,-0.56,-3.22,20900.39,35447.462,2023-08-01
000819.SZ,2017-11-27,12.85,12.99,12.63,12.82,12.81,0.01,0.08,12852.49,16487.414,2023-08-01
000822.SZ,2017-11-27,10.05,10.32,9.97,10.02,10.15,-0.13,-1.28,174391.25,176321.093,2023-08-01
000823.SZ,2017-11-27,15.76,15.77,15.12,15.28,15.78,-0.5,-3.17,133109.06,203736.297,2023-08-01
000825.SZ,2017-11-27,5.0,5.09,4.99,5.0,4.98,0.02,0.4,392430.84,197871.017,2023-08-01
000826.SZ,2017-11-27,34.78,35.6,34.54,35.2,35.0,0.2,0.57,75332.22,264721.114,2023-08-01
000828.SZ,2017-11-27,11.24,11.28,11.2,11.22,11.25,-0.03,-0.27,13960.0,15686.445,2023-08-01
000829.SZ,2017-11-27,9.11,9.3,9.0,9.13,9.16,-0.03,-0.33,25841.77,23789.752,2023-08-01
000830.SZ,2017-11-27,13.71,14.08,13.21,13.98,13.7,0.28,2.04,600763.32,823897.705,2023-08-01
000831.SZ,2017-11-27,12.32,12.5,11.96,12.1,12.29,-0.19,-1.55,140928.46,172858.48,2023-08-01
000833.SZ,2017-11-27,6.78,6.84,6.74,6.76,6.75,0.01,0.15,23729.3,16101.423,2023-08-01
000835.SZ,2017-11-27,8.2,8.27,8.08,8.22,8.2,0.02,0.24,26218.78,21395.962,2023-08-01
000836.SZ,2017-11-27,5.3,5.36,4.98,5.18,5.45,-0.27,-4.95,546756.19,282188.991,2023-08-01
000837.SZ,2017-11-27,6.19,6.19,6.09,6.09,6.2,-0.11,-1.77,31525.32,19316.188,2023-08-01
600760.SH,2017-11-27,30.71,33.56,30.43,31.76,31.0,0.76,2.45,173616.42,559592.442,2023-08-01
600761.SH,2017-11-27,10.82,10.86,10.59,10.62,10.85,-0.23,-2.12,97360.47,104281.225,2023-08-01
600763.SH,2017-11-27,28.5,29.59,28.5,28.82,28.69,0.13,0.45,28655.52,83358.161,2023-08-01
600764.SH,2017-11-27,31.46,31.46,29.6,29.78,31.32,-1.54,-4.92,15219.2,45718.971,2023-08-01
600765.SH,2017-11-27,12.36,12.65,12.25,12.26,12.36,-0.1,-0.81,37392.76,46464.373,2023-08-01
600766.SH,2017-11-27,9.21,9.25,9.02,9.06,9.19,-0.13,-1.41,12378.72,11259.472,2023-08-01
600768.SH,2017-11-27,15.18,15.6,15.13,15.27,15.15,0.12,0.79,16116.7,24861.246,2023-08-01
600769.SH,2017-11-27,6.59,6.6,6.4,6.4,6.58,-0.18,-2.74,18094.18,11723.804,2023-08-01
600770.SH,2017-11-27,7.73,7.89,7.58,7.87,7.79,0.08,1.03,184824.06,143216.611,2023-08-01
600771.SH,2017-11-27,40.03,40.07,39.2,39.59,40.02,-0.43,-1.07,20168.93,80154.066,2023-08-01
600773.SH,2017-11-27,11.7,11.84,11.0,11.32,11.86,-0.54,-4.55,142672.06,164712.396,2023-08-01
600774.SH,2017-11-27,19.81,19.95,19.52,19.76,19.97,-0.21,-1.05,5367.76,10578.785,2023-08-01
600775.SH,2017-11-27,8.54,8.54,8.3,8.39,8.53,-0.14,-1.64,29537.89,24766.341,2023-08-01
600776.SH,2017-11-27,8.04,8.06,7.3,7.3,8.11,-0.81,-9.99,335236.13,254842.765,2023-08-01
600777.SH,2017-11-27,3.41,3.46,3.4,3.43,3.4,0.03,0.88,108005.24,37102.998,2023-08-01
600779.SH,2017-11-27,40.95,42.69,39.0,41.03,40.95,0.08,0.2,100929.89,415642.298,2023-08-01
000338.SZ,2017-11-27,8.44,8.44,8.04,8.12,8.5,-0.38,-4.47,963049.94,790834.375,2023-08-01
000400.SZ,2017-11-27,14.6,14.68,14.29,14.3,14.62,-0.32,-2.19,58542.41,84558.961,2023-08-01
000402.SZ,2017-11-27,11.16,11.24,11.09,11.2,11.17,0.03,0.27,136139.37,152062.476,2023-08-01
000403.SZ,2017-11-27,33.37,33.49,33.2,33.33,33.39,-0.06,-0.18,21843.19,72835.314,2023-08-01
000404.SZ,2017-11-27,6.36,6.37,6.3,6.36,6.32,0.04,0.63,28379.03,17993.541,2023-08-01
000407.SZ,2017-11-27,7.68,8.05,7.62,7.82,7.69,0.13,1.69,67636.5,53416.327,2023-08-01
000408.SZ,2017-11-27,17.5,17.93,17.12,17.38,17.58,-0.2,-1.14,64552.69,112907.706,2023-08-01
000409.SZ,2017-11-27,6.2,6.31,6.12,6.19,6.22,-0.03,-0.48,19590.01,12203.317,2023-08-01
000410.SZ,2017-11-27,7.78,8.17,7.7,8.13,7.78,0.35,4.5,100037.38,80812.115,2023-08-01
000411.SZ,2017-11-27,19.73,20.17,19.5,19.94,19.77,0.17,0.86,9257.15,18398.472,2023-08-01
000413.SZ,2017-11-27,9.37,9.4,9.26,9.29,9.32,-0.03,-0.32,377076.38,351720.605,2023-08-01
000415.SZ,2017-11-27,6.0,6.02,5.89,5.91,5.97,-0.06,-1.01,138180.03,82348.227,2023-08-01
000416.SZ,2017-11-27,8.05,8.17,8.0,8.14,8.09,0.05,0.62,47630.52,38487.751,2023-08-01
000417.SZ,2017-11-27,8.1,8.2,8.04,8.13,8.11,0.02,0.25,32687.77,26496.212,2023-08-01
000418.SZ,2017-11-27,57.76,57.98,56.47,56.8,57.75,-0.95,-1.65,11280.88,64407.625,2023-08-01
000419.SZ,2017-11-27,6.0,6.11,5.96,6.01,6.01,0.0,0.0,18310.8,11042.083,2023-08-01
000420.SZ,2017-11-27,3.38,3.48,3.32,3.41,3.38,0.03,0.89,167777.0,56971.383,2023-08-01
000421.SZ,2017-11-27,6.42,6.7,6.33,6.46,6.43,0.03,0.47,42520.42,27611.4,2023-08-01
000423.SZ,2017-11-27,62.61,62.68,61.9,62.49,62.8,-0.31,-0.49,37797.0,235276.603,2023-08-01
000425.SZ,2017-11-27,3.71,3.72,3.64,3.64,3.73,-0.09,-2.41,519039.55,190708.198,2023-08-01
300312.SZ,2017-11-27,12.2,12.75,11.9,12.41,12.28,0.13,1.06,53670.14,65811.24,2023-08-01
300313.SZ,2017-11-27,13.77,13.77,12.6,13.01,13.84,-0.83,-6.0,53382.78,69859.53,2023-08-01
300314.SZ,2017-11-27,13.32,13.6,13.32,13.38,13.38,0.0,0.0,9075.0,12213.136,2023-08-01
300315.SZ,2017-11-27,5.99,6.15,5.97,6.04,6.02,0.02,0.33,225922.34,137149.083,2023-08-01
300316.SZ,2017-11-27,18.65,19.16,17.57,17.88,18.6,-0.72,-3.87,221178.1,408963.146,2023-08-01
300317.SZ,2017-11-27,17.03,17.51,16.85,16.95,17.02,-0.07,-0.41,136184.26,234224.485,2023-08-01
300318.SZ,2017-11-27,5.82,5.88,5.7,5.71,5.88,-0.17,-2.89,30693.96,17727.225,2023-08-01
300319.SZ,2017-11-27,6.83,6.95,6.76,6.85,6.85,0.0,0.0,33177.58,22756.214,2023-08-01
300321.SZ,2017-11-27,23.62,23.62,23.1,23.12,23.43,-0.31,-1.32,3673.29,8588.462,2023-08-01
300322.SZ,2017-11-27,11.62,11.9,11.31,11.72,11.7,0.02,0.17,52152.56,60732.009,2023-08-01
300323.SZ,2017-11-27,18.0,18.96,17.77,18.2,18.21,-0.01,-0.05,164522.37,303226.52,2023-08-01
300324.SZ,2017-11-27,14.23,14.39,12.89,13.0,14.32,-1.32,-9.22,89579.43,121757.247,2023-08-01
300325.SZ,2017-11-27,6.26,6.35,6.2,6.28,6.3,-0.02,-0.32,63901.0,40366.484,2023-08-01
300326.SZ,2017-11-27,8.57,8.57,8.36,8.41,8.57,-0.16,-1.87,27627.7,23300.131,2023-08-01
300327.SZ,2017-11-27,32.55,32.56,29.98,30.02,32.7,-2.68,-8.2,84906.94,264280.031,2023-08-01
300328.SZ,2017-11-27,11.95,12.09,11.69,11.69,11.8,-0.11,-0.93,37648.5,44790.786,2023-08-01
300329.SZ,2017-11-27,9.19,9.28,9.08,9.1,9.2,-0.1,-1.09,9497.44,8717.773,2023-08-01
300330.SZ,2017-11-27,10.97,10.97,10.75,10.91,10.94,-0.03,-0.27,7598.5,8252.351,2023-08-01
300331.SZ,2017-11-27,19.02,19.2,18.94,19.2,19.2,0.0,0.0,24643.67,47038.724,2023-08-01
300332.SZ,2017-11-27,6.07,6.21,6.04,6.2,6.06,0.14,2.31,71919.2,44177.579,2023-08-01
300333.SZ,2017-11-27,9.23,9.38,9.15,9.19,9.25,-0.06,-0.65,25561.82,23645.231,2023-08-01
300402.SZ,2017-11-27,12.68,12.78,12.27,12.33,12.78,-0.45,-3.52,13106.0,16501.066,2023-08-01
300403.SZ,2017-11-27,15.62,15.72,15.35,15.36,15.62,-0.26,-1.66,9794.55,15239.674,2023-08-01
300404.SZ,2017-11-27,20.16,20.75,20.16,20.54,20.32,0.22,1.08,5112.51,10495.926,2023-08-01
300405.SZ,2017-11-27,17.02,17.15,16.81,16.91,17.03,-0.12,-0.7,5300.42,8990.377,2023-08-01
300406.SZ,2017-11-27,17.4,17.4,16.7,16.74,17.36,-0.62,-3.57,19689.49,33580.759,2023-08-01
300407.SZ,2017-11-27,12.0,12.4,11.92,12.06,11.96,0.1,0.84,28201.0,34284.673,2023-08-01
300408.SZ,2017-11-27,20.5,21.06,20.12,20.7,20.45,0.25,1.22,99638.8,206473.889,2023-08-01
300409.SZ,2017-11-27,41.55,41.55,39.6,39.93,41.68,-1.75,-4.2,20992.7,85069.531,2023-08-01
300410.SZ,2017-11-27,37.27,37.57,36.36,37.52,37.43,0.09,0.24,13312.12,49462.492,2023-08-01
300411.SZ,2017-11-27,35.69,36.19,35.44,35.58,35.69,-0.11,-0.31,3456.08,12298.247,2023-08-01
300412.SZ,2017-11-27,10.91,10.91,10.61,10.68,10.72,-0.04,-0.37,5807.4,6252.788,2023-08-01
300413.SZ,2017-11-27,27.0,28.11,25.32,25.59,27.0,-1.41,-5.22,270503.6,722142.204,2023-08-01
300414.SZ,2017-11-27,22.82,22.85,20.77,20.83,22.88,-2.05,-8.96,30107.51,66050.455,2023-08-01
300415.SZ,2017-11-27,15.95,16.28,15.56,15.77,16.06,-0.29,-1.81,38737.69,61645.533,2023-08-01
300416.SZ,2017-11-27,25.57,26.99,24.99,25.48,25.65,-0.17,-0.66,2577.28,6555.467,2023-08-01
300417.SZ,2017-11-27,23.95,24.48,23.95,24.07,24.08,-0.01,-0.04,4938.02,11958.596,2023-08-01
300418.SZ,2017-11-27,20.0,20.78,19.9,20.27,20.29,-0.02,-0.1,84532.79,172643.184,2023-08-01
300419.SZ,2017-11-27,10.73,11.11,10.73,10.95,10.82,0.13,1.2,42117.44,46186.796,2023-08-01
300420.SZ,2017-11-27,7.48,7.48,7.31,7.35,7.39,-0.04,-0.54,29299.0,21607.027,2023-08-01
300421.SZ,2017-11-27,22.3,22.3,22.05,22.16,22.5,-0.34,-1.51,5373.0,11906.526,2023-08-01
300422.SZ,2017-11-27,16.85,16.96,16.59,16.72,16.86,-0.14,-0.83,23630.88,39631.619,2023-08-01
300423.SZ,2017-11-27,27.22,28.2,26.94,27.39,27.22,0.17,0.62,5314.0,14704.549,2023-08-01
300424.SZ,2017-11-27,22.2,22.49,21.8,22.13,22.19,-0.06,-0.27,6677.12,14843.748,2023-08-01
300425.SZ,2017-11-27,10.25,10.47,10.09,10.15,10.37,-0.22,-2.12,38917.24,39861.462,2023-08-01
300597.SZ,2017-11-27,20.1,20.12,18.11,18.11,20.12,-2.01,-9.99,78139.73,146139.811,2023-08-01
300598.SZ,2017-11-27,31.18,31.25,29.6,29.84,30.7,-0.86,-2.8,4037.0,12343.016,2023-08-01
300599.SZ,2017-11-27,12.88,12.92,12.7,12.73,12.87,-0.14,-1.09,8604.88,11005.931,2023-08-01
300600.SZ,2017-11-27,47.39,47.97,45.5,45.6,48.18,-2.58,-5.35,4917.2,22965.396,2023-08-01
300601.SZ,2017-11-27,44.5,47.95,44.5,47.23,45.0,2.23,4.96,22308.36,105320.721,2023-08-01
300602.SZ,2017-11-27,63.58,63.62,61.0,62.08,63.63,-1.55,-2.44,4387.0,27374.566,2023-08-01
300603.SZ,2017-11-27,42.0,44.25,40.5,41.99,42.9,-0.91,-2.12,35711.99,151365.286,2023-08-01
300604.SZ,2017-11-27,54.9,56.6,53.21,53.8,55.36,-1.56,-2.82,16403.8,90282.914,2023-08-01
002544.SZ,2017-11-27,18.57,18.88,18.27,18.36,18.01,0.35,1.94,53667.72,99432.896,2023-08-01
002545.SZ,2017-11-27,8.18,8.39,8.16,8.22,8.16,0.06,0.74,79666.51,65984.412,2023-08-01
002546.SZ,2017-11-27,5.26,5.29,5.2,5.25,5.26,-0.01,-0.19,20955.37,10977.845,2023-08-01
002547.SZ,2017-11-27,8.83,8.85,8.53,8.68,8.78,-0.1,-1.14,92726.0,80623.62,2023-08-01
002548.SZ,2017-11-27,10.67,11.0,10.57,10.91,10.65,0.26,2.44,21812.81,23616.088,2023-08-01
002549.SZ,2017-11-27,6.74,6.74,6.6,6.62,6.73,-0.11,-1.63,16020.74,10662.995,2023-08-01
002550.SZ,2017-11-27,5.58,5.61,5.53,5.53,5.6,-0.07,-1.25,43113.68,23986.629,2023-08-01
002551.SZ,2017-11-27,9.33,9.37,9.24,9.27,9.33,-0.06,-0.64,26932.07,25033.235,2023-08-01
002553.SZ,2017-11-27,9.18,9.2,8.89,8.93,9.15,-0.22,-2.4,14083.0,12717.102,2023-08-01
002554.SZ,2017-11-27,5.1,5.1,5.03,5.05,5.07,-0.02,-0.39,30957.0,15632.989,2023-08-01
002555.SZ,2017-11-27,19.55,19.89,19.41,19.67,19.66,0.01,0.05,57258.26,112873.059,2023-08-01
002556.SZ,2017-11-27,7.66,7.88,7.45,7.58,7.95,-0.37,-4.65,79298.37,60570.009,2023-08-01
002557.SZ,2017-11-27,15.85,15.99,15.22,15.3,15.85,-0.55,-3.47,28903.0,45130.845,2023-08-01
002558.SZ,2017-11-27,41.8,41.8,39.76,40.06,40.07,-0.01,-0.03,38621.61,156502.672,2023-08-01
002559.SZ,2017-11-27,9.27,9.35,9.18,9.21,9.26,-0.05,-0.54,8160.0,7587.06,2023-08-01
002560.SZ,2017-11-27,6.67,6.76,6.4,6.72,6.72,0.0,0.0,15499.66,10343.405,2023-08-01
002561.SZ,2017-11-27,11.93,11.94,11.72,11.72,11.92,-0.2,-1.68,15740.0,18579.289,2023-08-01
002562.SZ,2017-11-27,16.85,17.22,16.85,16.9,17.28,-0.38,-2.2,85895.0,146168.167,2023-08-01
002563.SZ,2017-11-27,7.35,7.36,7.19,7.28,7.35,-0.07,-0.95,43274.23,31431.851,2023-08-01
002564.SZ,2017-11-27,8.45,8.46,8.28,8.31,8.37,-0.06,-0.72,45171.0,37797.652,2023-08-01
002565.SZ,2017-11-27,6.39,6.52,6.39,6.45,6.45,0.0,0.0,15203.0,9832.043,2023-08-01
002566.SZ,2017-11-27,9.11,9.16,8.98,9.06,9.12,-0.06,-0.66,13819.66,12493.919,2023-08-01
002567.SZ,2017-11-27,6.97,7.15,6.94,7.07,6.96,0.11,1.58,66027.06,46752.771,2023-08-01
002568.SZ,2017-11-27,13.58,13.76,13.25,13.47,13.72,-0.25,-1.82,19596.0,26510.902,2023-08-01
002573.SZ,2017-11-27,21.0,21.27,20.79,20.9,20.89,0.01,0.05,95768.12,200803.519,2023-08-01
002574.SZ,2017-11-27,7.73,7.73,7.64,7.67,7.71,-0.04,-0.52,18366.0,14133.023,2023-08-01
002577.SZ,2017-11-27,17.16,17.32,17.0,17.09,17.16,-0.07,-0.41,10792.3,18528.7,2023-08-01
002578.SZ,2017-11-27,4.32,4.35,4.26,4.27,4.32,-0.05,-1.16,31094.06,13403.934,2023-08-01
002581.SZ,2017-11-27,18.51,18.51,17.91,17.95,18.5,-0.55,-2.97,17768.0,32229.756,2023-08-01
002582.SZ,2017-11-27,10.86,10.94,10.7,10.7,10.85,-0.15,-1.38,33168.73,35710.462,2023-08-01
002583.SZ,2017-11-27,20.3,20.68,19.9,20.0,20.31,-0.31,-1.53,93214.1,188496.451,2023-08-01
002584.SZ,2017-11-27,17.35,17.7,17.06,17.11,17.07,0.04,0.23,278316.33,483633.726,2023-08-01
002585.SZ,2017-11-27,6.82,6.87,6.79,6.82,6.85,-0.03,-0.44,16837.11,11496.637,2023-08-01
002586.SZ,2017-11-27,9.42,9.57,9.31,9.47,9.51,-0.04,-0.42,24083.0,22720.696,2023-08-01
002587.SZ,2017-11-27,7.15,7.21,7.05,7.14,7.15,-0.01,-0.14,23355.05,16673.192,2023-08-01
002588.SZ,2017-11-27,7.03,7.11,6.9,7.07,7.06,0.01,0.14,72400.68,50825.213,2023-08-01
002589.SZ,2017-11-27,12.74,12.95,12.62,12.69,12.67,0.02,0.16,53732.3,68675.089,2023-08-01
002590.SZ,2017-11-27,14.1,14.19,13.83,13.9,13.99,-0.09,-0.64,32782.0,46000.12,2023-08-01
002591.SZ,2017-11-27,11.1,11.27,10.7,10.78,11.23,-0.45,-4.01,10732.29,11796.0,2023-08-01
002593.SZ,2017-11-27,4.45,4.47,4.39,4.43,4.45,-0.02,-0.45,15427.4,6845.477,2023-08-01
002594.SZ,2017-11-27,70.21,70.27,63.63,63.63,70.7,-7.07,-10.0,345568.42,2290501.553,2023-08-01
002595.SZ,2017-11-27,19.66,19.73,19.28,19.29,19.67,-0.38,-1.93,16512.62,31985.603,2023-08-01
002596.SZ,2017-11-27,11.18,11.41,11.13,11.23,11.18,0.05,0.45,100855.11,113804.698,2023-08-01
002597.SZ,2017-11-27,25.05,25.37,24.53,24.71,25.05,-0.34,-1.36,126935.56,316583.872,2023-08-01
002598.SZ,2017-11-27,11.34,11.99,11.23,11.57,11.47,0.1,0.87,44917.25,51848.471,2023-08-01
002599.SZ,2017-11-27,12.21,12.72,12.21,12.46,12.3,0.16,1.3,18896.62,23702.122,2023-08-01
002601.SZ,2017-11-27,15.54,15.72,15.5,15.55,15.53,0.02,0.13,71931.05,112289.079,2023-08-01
002602.SZ,2017-11-27,33.6,33.68,32.1,32.15,33.56,-1.41,-4.2,20395.4,66302.552,2023-08-01
002621.SZ,2017-11-27,15.7,16.08,15.51,15.8,15.8,0.0,0.0,23096.58,36417.577,2023-08-01
002622.SZ,2017-11-27,15.71,15.94,15.51,15.88,15.68,0.2,1.28,111569.27,174796.876,2023-08-01
002623.SZ,2017-11-27,25.01,25.32,23.79,23.79,25.04,-1.25,-4.99,21304.87,51832.094,2023-08-01
002624.SZ,2017-11-27,30.38,31.0,29.71,30.76,30.47,0.29,0.95,31694.96,96575.875,2023-08-01
002625.SZ,2017-11-27,44.0,44.0,37.2,38.3,40.0,-1.7,-4.25,184633.44,760992.737,2023-08-01
002626.SZ,2017-11-27,19.41,19.87,18.74,19.02,19.43,-0.41,-2.11,86744.25,167424.964,2023-08-01
002627.SZ,2017-11-27,18.67,18.75,18.36,18.36,18.69,-0.33,-1.77,7326.0,13584.175,2023-08-01
002628.SZ,2017-11-27,7.44,7.45,7.21,7.21,7.5,-0.29,-3.87,33333.0,24474.547,2023-08-01
002629.SZ,2017-11-27,7.06,7.14,7.01,7.05,7.07,-0.02,-0.28,17603.0,12453.34,2023-08-01
002630.SZ,2017-11-27,10.85,10.88,10.79,10.8,10.84,-0.04,-0.37,19641.0,21264.577,2023-08-01
002631.SZ,2017-11-27,11.66,11.77,11.54,11.73,11.6,0.13,1.12,26584.88,30913.741,2023-08-01
002632.SZ,2017-11-27,7.78,7.87,7.74,7.8,7.8,0.0,0.0,19614.8,15322.766,2023-08-01
002633.SZ,2017-11-27,13.82,13.9,13.43,13.9,13.73,0.17,1.24,12463.48,16937.108,2023-08-01
002634.SZ,2017-11-27,6.82,6.93,6.82,6.92,6.93,-0.01,-0.14,16707.64,11487.424,2023-08-01
002635.SZ,2017-11-27,32.56,32.84,30.96,32.14,32.23,-0.09,-0.28,58865.0,187235.402,2023-08-01
002253.SZ,2017-11-27,21.81,22.08,21.72,21.74,21.78,-0.04,-0.18,18325.0,40093.707,2023-08-01
002255.SZ,2017-11-27,7.37,7.37,7.18,7.23,7.32,-0.09,-1.23,16698.66,12176.891,2023-08-01
002256.SZ,2017-11-27,4.56,4.56,4.46,4.46,4.57,-0.11,-2.41,51115.84,23035.737,2023-08-01
002258.SZ,2017-11-27,13.84,13.95,13.02,13.03,13.84,-0.81,-5.85,51512.1,68792.618,2023-08-01
002259.SZ,2017-11-27,6.33,6.35,6.24,6.3,6.31,-0.01,-0.16,25992.54,16324.418,2023-08-01
002261.SZ,2017-11-27,8.3,8.42,7.93,7.98,8.37,-0.39,-4.66,175747.09,142962.932,2023-08-01
002262.SZ,2017-11-27,14.21,14.21,13.93,14.02,14.25,-0.23,-1.61,27774.58,38956.534,2023-08-01
002264.SZ,2017-11-27,10.07,10.39,9.95,10.07,10.2,-0.13,-1.27,193854.04,196989.158,2023-08-01
002265.SZ,2017-11-27,13.4,13.58,13.23,13.27,13.41,-0.14,-1.04,21891.12,29332.713,2023-08-01
002266.SZ,2017-11-27,4.4,4.44,4.37,4.41,4.41,0.0,0.0,59253.41,26088.832,2023-08-01
002267.SZ,2017-11-27,7.96,7.96,7.84,7.85,7.94,-0.09,-1.13,26162.0,20625.564,2023-08-01
002268.SZ,2017-11-27,23.42,23.85,23.21,23.43,23.6,-0.17,-0.72,57159.94,134381.358,2023-08-01
002269.SZ,2017-11-27,3.23,3.26,3.19,3.23,3.25,-0.02,-0.62,42701.0,13803.199,2023-08-01
002270.SZ,2017-11-27,9.8,9.9,9.65,9.84,9.8,0.04,0.41,30099.26,29536.025,2023-08-01
002271.SZ,2017-11-27,35.95,35.97,34.52,35.1,35.95,-0.85,-2.36,57923.64,203478.76,2023-08-01
002353.SZ,2017-11-27,14.84,14.99,14.41,14.47,14.78,-0.31,-2.1,48064.94,70638.482,2023-08-01
002354.SZ,2017-11-27,18.86,18.96,18.59,18.96,18.85,0.11,0.58,65610.75,123083.348,2023-08-01
002355.SZ,2017-11-27,10.38,10.4,10.01,10.2,10.36,-0.16,-1.54,29366.0,30051.272,2023-08-01
002356.SZ,2017-11-27,26.31,27.6,26.31,26.94,26.54,0.4,1.51,17859.99,48365.369,2023-08-01
002358.SZ,2017-11-27,15.11,15.22,15.0,15.08,15.07,0.01,0.07,25534.15,38492.382,2023-08-01
002359.SZ,2017-11-27,20.55,21.55,20.55,21.34,20.55,0.79,3.84,59336.08,125426.929,2023-08-01
002360.SZ,2017-11-27,8.77,8.84,8.63,8.63,8.86,-0.23,-2.6,62741.04,54876.644,2023-08-01
002361.SZ,2017-11-27,5.63,6.19,5.58,5.97,5.63,0.34,6.04,132331.8,77847.596,2023-08-01
002362.SZ,2017-11-27,25.49,26.3,24.5,24.95,26.42,-1.47,-5.56,143272.2,362727.151,2023-08-01
002363.SZ,2017-11-27,8.92,9.17,8.91,9.09,8.98,0.11,1.22,19388.1,17638.878,2023-08-01
002364.SZ,2017-11-27,11.54,11.56,11.31,11.37,11.54,-0.17,-1.47,16053.98,18346.8,2023-08-01
002365.SZ,2017-11-27,36.84,37.68,35.8,36.27,37.05,-0.78,-2.11,48146.48,176376.005,2023-08-01
002366.SZ,2017-11-27,29.78,30.4,29.31,29.38,29.9,-0.52,-1.74,58698.73,174875.151,2023-08-01
002367.SZ,2017-11-27,9.05,9.1,8.96,9.03,9.04,-0.01,-0.11,19240.98,17404.91,2023-08-01
002368.SZ,2017-11-27,26.43,26.49,25.92,26.26,26.42,-0.16,-0.61,42026.43,109655.846,2023-08-01
002369.SZ,2017-11-27,9.93,10.01,9.75,9.77,9.95,-0.18,-1.81,39011.62,38406.261,2023-08-01
002410.SZ,2017-11-27,19.65,20.0,19.53,19.91,19.73,0.18,0.91,40432.64,80176.978,2023-08-01
002411.SZ,2017-11-27,26.5,26.57,25.9,26.2,26.42,-0.22,-0.83,15716.38,41388.134,2023-08-01
002412.SZ,2017-11-27,16.74,16.9,16.52,16.7,16.8,-0.1,-0.6,3694.66,6131.473,2023-08-01
002413.SZ,2017-11-27,9.45,9.78,9.31,9.61,9.49,0.12,1.26,116495.17,111493.129,2023-08-01
002414.SZ,2017-11-27,17.81,17.84,17.32,17.32,17.75,-0.43,-2.42,19339.48,33783.277,2023-08-01
002415.SZ,2017-11-27,37.97,38.2,36.21,37.25,37.5,-0.25,-0.67,404355.09,1507450.096,2023-08-01
002416.SZ,2017-11-27,9.28,9.38,9.2,9.23,9.28,-0.05,-0.54,37775.06,35061.185,2023-08-01
002417.SZ,2017-11-27,14.24,14.29,13.6,13.62,14.02,-0.4,-2.85,27658.96,38504.604,2023-08-01
002418.SZ,2017-11-27,9.68,9.79,9.58,9.61,9.68,-0.07,-0.72,51055.0,49256.651,2023-08-01
002419.SZ,2017-11-27,13.47,13.61,13.3,13.52,13.48,0.04,0.3,27042.02,36501.748,2023-08-01
002420.SZ,2017-11-27,5.5,5.61,5.43,5.49,5.53,-0.04,-0.72,22871.0,12630.6,2023-08-01
002421.SZ,2017-11-27,5.92,6.05,5.92,5.94,6.0,-0.06,-1.0,109572.72,65459.242,2023-08-01
002422.SZ,2017-11-27,21.7,22.0,21.07,21.16,21.76,-0.6,-2.76,82763.57,179458.032,2023-08-01
002492.SZ,2017-11-27,7.15,7.28,7.08,7.21,7.19,0.02,0.28,27214.08,19555.237,2023-08-01
002493.SZ,2017-11-27,11.39,12.1,11.39,11.91,11.5,0.41,3.57,305586.4,363343.114,2023-08-01
002494.SZ,2017-11-27,9.46,9.85,9.46,9.71,9.55,0.16,1.68,46040.77,44756.754,2023-08-01
002495.SZ,2017-11-27,3.86,3.86,3.81,3.81,3.86,-0.05,-1.3,20104.6,7706.706,2023-08-01
002496.SZ,2017-11-27,5.29,5.4,5.27,5.32,5.25,0.07,1.33,131341.65,70169.368,2023-08-01
002497.SZ,2017-11-27,16.49,16.88,15.45,15.71,16.65,-0.94,-5.65,708015.14,1146372.605,2023-08-01
002498.SZ,2017-11-27,3.24,3.25,3.18,3.19,3.25,-0.06,-1.85,65299.6,20954.904,2023-08-01
002499.SZ,2017-11-27,20.96,21.62,20.84,21.35,20.96,0.39,1.86,17792.87,37775.794,2023-08-01
002500.SZ,2017-11-27,9.97,10.3,9.92,10.07,10.01,0.06,0.6,206032.14,207964.494,2023-08-01
002501.SZ,2017-11-27,9.4,9.6,9.39,9.43,9.37,0.06,0.64,42033.38,39959.394,2023-08-01
002502.SZ,2017-11-27,8.96,8.98,8.87,8.87,8.99,-0.12,-1.33,49490.65,44160.208,2023-08-01
002503.SZ,2017-11-27,6.07,6.08,5.81,5.89,6.1,-0.21,-3.44,69579.0,41415.696,2023-08-01
002505.SZ,2017-11-27,2.86,2.86,2.82,2.85,2.86,-0.01,-0.35,69258.2,19680.524,2023-08-01
002506.SZ,2017-11-27,3.98,4.1,3.94,3.98,3.9,0.08,2.05,230301.84,92915.36,2023-08-01
002507.SZ,2017-11-27,16.76,17.12,16.0,16.42,17.36,-0.94,-5.41,150134.71,249669.099,2023-08-01
002508.SZ,2017-11-27,45.48,45.48,44.0,44.61,45.5,-0.89,-1.96,70726.94,314308.837,2023-08-01
002509.SZ,2017-11-27,9.3,9.38,8.8,9.15,9.23,-0.08,-0.87,135276.7,122791.89,2023-08-01
601999.SH,2017-11-27,7.51,7.51,7.35,7.37,7.49,-0.12,-1.6,26173.6,19380.15,2023-08-01
603000.SH,2017-11-27,12.17,12.25,12.07,12.15,12.16,-0.01,-0.08,23756.1,28863.01,2023-08-01
603001.SH,2017-11-27,15.13,15.13,14.85,14.92,15.13,-0.21,-1.39,22830.01,34140.193,2023-08-01
603002.SH,2017-11-27,6.35,6.48,6.3,6.34,6.42,-0.08,-1.25,148532.07,94692.423,2023-08-01
603003.SH,2017-11-27,12.1,12.25,12.1,12.15,12.2,-0.05,-0.41,18610.04,22681.672,2023-08-01
603005.SH,2017-11-27,32.8,33.0,31.04,31.8,33.19,-1.39,-4.19,77629.94,247273.711,2023-08-01
603006.SH,2017-11-27,17.14,17.15,16.86,16.9,17.06,-0.16,-0.94,3762.0,6386.543,2023-08-01
603008.SH,2017-11-27,17.4,17.67,17.23,17.5,17.43,0.07,0.4,40846.94,71327.867,2023-08-01
603009.SH,2017-11-27,10.24,10.34,10.11,10.23,10.19,0.04,0.39,17786.7,18222.418,2023-08-01
603011.SH,2017-11-27,10.77,10.78,10.73,10.77,10.78,-0.01,-0.09,11449.0,12317.839,2023-08-01
603012.SH,2017-11-27,7.46,7.55,7.42,7.46,7.45,0.01,0.13,9050.0,6765.222,2023-08-01
603015.SH,2017-11-27,8.9,8.94,8.76,8.86,8.91,-0.05,-0.56,14359.1,12715.282,2023-08-01
603016.SH,2017-11-27,43.36,43.95,41.11,41.41,43.33,-1.92,-4.43,11965.16,51200.73,2023-08-01
603017.SH,2017-11-27,16.04,16.08,15.8,15.99,16.04,-0.05,-0.31,5056.31,8070.765,2023-08-01
603227.SH,2017-11-27,6.61,6.61,6.36,6.38,6.59,-0.21,-3.19,29208.48,18824.02,2023-08-01
603228.SH,2017-11-27,54.29,54.29,50.27,52.04,53.89,-1.85,-3.43,19101.25,99278.443,2023-08-01
603233.SH,2017-11-27,45.65,46.97,45.63,45.96,45.95,0.01,0.02,16126.7,74665.188,2023-08-01
603239.SH,2017-11-27,18.05,18.24,17.87,18.09,18.05,0.04,0.22,9578.51,17358.133,2023-08-01
603258.SH,2017-11-27,33.37,33.61,33.13,33.17,33.47,-0.3,-0.9,4858.5,16211.439,2023-08-01
603268.SH,2017-11-27,26.54,27.45,26.54,27.01,26.55,0.46,1.73,5666.0,15364.734,2023-08-01
603286.SH,2017-11-27,33.82,34.37,30.8,31.08,34.19,-3.11,-9.1,43503.12,140955.223,2023-08-01
603288.SH,2017-11-27,50.3,50.3,48.68,48.88,50.31,-1.43,-2.84,25750.32,126626.709,2023-08-01
603566.SH,2017-11-27,24.2,25.09,24.11,24.83,24.21,0.62,2.56,8748.02,21659.914,2023-08-01
603567.SH,2017-11-27,15.23,15.3,15.0,15.11,15.3,-0.19,-1.24,10490.13,15823.038,2023-08-01
603568.SH,2017-11-27,20.28,20.7,20.28,20.43,20.41,0.02,0.1,10918.81,22358.846,2023-08-01
603569.SH,2017-11-27,25.15,25.5,24.92,24.99,25.17,-0.18,-0.72,5291.0,13331.09,2023-08-01
603579.SH,2017-11-27,60.66,62.5,59.49,60.76,60.84,-0.08,-0.13,6267.0,38416.317,2023-08-01
603585.SH,2017-11-27,32.37,32.44,31.82,32.03,32.33,-0.3,-0.93,3754.57,12014.28,2023-08-01
603586.SH,2017-11-27,25.83,25.96,25.55,25.68,25.82,-0.14,-0.54,7604.44,19584.76,2023-08-01
603589.SH,2017-11-27,45.5,46.1,43.56,45.28,45.13,0.15,0.33,42926.04,193460.205,2023-08-01
603595.SH,2017-11-27,68.49,72.89,68.08,70.06,68.07,1.99,2.92,8267.35,58139.261,2023-08-01
603599.SH,2017-11-27,17.39,17.93,17.18,17.34,17.45,-0.11,-0.63,25960.93,45472.303,2023-08-01
603600.SH,2017-11-27,14.67,14.9,14.2,14.41,14.74,-0.33,-2.24,11187.02,16196.245,2023-08-01
603881.SH,2017-11-27,44.0,44.31,42.27,42.5,43.89,-1.39,-3.17,16958.7,73933.135,2023-08-01
603277.SH,2017-11-27,19.82,19.92,19.4,19.46,19.85,-0.39,-1.96,20731.83,40798.362,2023-08-01
603883.SH,2017-11-27,57.0,59.37,55.13,57.05,57.1,-0.05,-0.09,11204.67,65299.975,2023-08-01
603885.SH,2017-11-27,14.22,14.39,13.66,13.75,14.34,-0.59,-4.11,78791.8,110177.618,2023-08-01
603888.SH,2017-11-27,24.01,24.02,23.34,23.39,24.04,-0.65,-2.7,15637.5,36936.44,2023-08-01
603889.SH,2017-11-27,14.73,15.2,13.49,14.72,14.99,-0.27,-1.8,130083.24,188320.919,2023-08-01
603898.SH,2017-11-27,27.7,28.4,27.3,28.37,27.71,0.66,2.38,21451.43,59773.556,2023-08-01
603899.SH,2017-11-27,22.26,22.61,21.7,21.85,22.42,-0.57,-2.54,36164.02,79681.477,2023-08-01
603901.SH,2017-11-27,9.32,9.4,9.27,9.31,9.32,-0.01,-0.11,7575.13,7076.315,2023-08-01
601200.SH,2017-11-27,24.74,24.87,24.23,24.26,24.74,-0.48,-1.94,47248.09,115505.864,2023-08-01
601208.SH,2017-11-27,6.22,6.25,6.13,6.18,6.22,-0.04,-0.64,17390.01,10750.522,2023-08-01
601211.SH,2017-11-27,20.31,20.48,20.02,20.41,20.37,0.04,0.2,259318.17,526535.488,2023-08-01
601212.SH,2017-11-27,6.78,6.78,6.61,6.65,6.8,-0.15,-2.21,176012.74,117552.961,2023-08-01
601216.SH,2017-11-27,5.09,5.12,5.05,5.1,5.12,-0.02,-0.39,573840.59,291760.593,2023-08-01
601218.SH,2017-11-27,3.68,3.69,3.64,3.67,3.68,-0.01,-0.27,27471.74,10058.877,2023-08-01
601222.SH,2017-11-27,10.2,10.26,9.68,9.74,10.41,-0.67,-6.44,233786.93,232600.27,2023-08-01
601225.SH,2017-11-27,8.3,8.44,8.11,8.17,8.25,-0.08,-0.97,904042.58,749379.585,2023-08-01
601226.SH,2017-11-27,6.29,6.4,6.22,6.27,6.29,-0.02,-0.32,66408.58,41774.943,2023-08-01
601228.SH,2017-11-27,6.43,6.46,6.28,6.34,6.42,-0.08,-1.25,134261.19,85491.738,2023-08-01
601229.SH,2017-11-27,15.21,15.25,15.04,15.09,15.22,-0.13,-0.85,232795.1,351573.888,2023-08-01
601231.SH,2017-11-27,14.25,14.48,14.11,14.41,14.26,0.15,1.05,127105.34,181960.889,2023-08-01
601233.SH,2017-11-27,18.58,19.51,18.52,19.06,18.58,0.48,2.58,365757.22,701756.32,2023-08-01
601238.SH,2017-11-27,24.74,24.74,24.23,24.29,24.65,-0.36,-1.46,46482.46,113232.916,2023-08-01
601258.SH,2017-11-27,2.61,2.64,2.6,2.62,2.62,0.0,0.0,307197.77,80519.26,2023-08-01
601288.SH,2017-11-27,3.79,3.81,3.71,3.8,3.8,0.0,0.0,4424698.38,1666859.95,2023-08-01
601311.SH,2017-11-27,13.19,13.19,13.02,13.04,13.15,-0.11,-0.84,28279.0,37059.93,2023-08-01
601360.SH,2017-11-27,36.74,36.74,36.74,36.74,33.4,3.34,10.0,6196.2,22764.839,2023-08-01
601318.SH,2017-11-27,74.7,74.9,71.55,73.55,74.62,-1.07,-1.43,1637232.33,11979068.075,2023-08-01
601326.SH,2017-11-27,6.47,6.62,6.35,6.5,6.44,0.06,0.93,185563.18,120544.367,2023-08-01
601328.SH,2017-11-27,6.36,6.39,6.29,6.38,6.37,0.01,0.16,1518457.67,963929.981,2023-08-01
601333.SH,2017-11-27,4.86,4.96,4.8,4.93,4.86,0.07,1.44,325399.75,159758.094,2023-08-01
601336.SH,2017-11-27,65.0,65.4,62.8,64.26,65.72,-1.46,-2.22,172501.34,1098598.56,2023-08-01
601339.SH,2017-11-27,5.29,5.34,5.26,5.29,5.28,0.01,0.19,17305.0,9190.942,2023-08-01
600277.SH,2017-11-27,5.57,5.79,5.57,5.74,5.58,0.16,2.87,146266.89,83402.688,2023-08-01
600278.SH,2017-11-27,13.5,13.96,13.13,13.38,13.6,-0.22,-1.62,57515.18,77654.904,2023-08-01
600279.SH,2017-11-27,6.03,6.04,5.95,5.98,6.04,-0.06,-0.99,19795.18,11855.488,2023-08-01
600280.SH,2017-11-27,8.45,8.75,8.27,8.64,8.43,0.21,2.49,165065.68,141791.15,2023-08-01
600281.SH,2017-11-27,5.93,5.95,5.89,5.91,5.93,-0.02,-0.34,8794.0,5199.105,2023-08-01
600282.SH,2017-11-27,5.19,5.3,5.07,5.09,5.09,0.0,0.0,1362079.78,707878.858,2023-08-01
600283.SH,2017-11-27,11.73,11.84,11.64,11.76,11.78,-0.02,-0.17,30564.73,35899.053,2023-08-01
600284.SH,2017-11-27,9.61,9.67,9.56,9.57,9.6,-0.03,-0.31,19109.04,18392.61,2023-08-01
600285.SH,2017-11-27,10.05,10.25,9.98,10.11,10.04,0.07,0.7,33238.22,33662.35,2023-08-01
600287.SH,2017-11-27,7.21,7.23,7.12,7.17,7.24,-0.07,-0.97,11820.17,8493.183,2023-08-01
600288.SH,2017-11-27,9.86,9.89,9.68,9.75,9.86,-0.11,-1.12,27371.01,26761.736,2023-08-01
600290.SH,2017-11-27,13.32,13.5,13.25,13.46,13.32,0.14,1.05,77580.5,103915.103,2023-08-01
600291.SH,2017-11-27,25.31,25.6,24.29,24.36,25.5,-1.14,-4.47,252373.51,624158.679,2023-08-01
600292.SH,2017-11-27,9.35,9.36,9.25,9.27,9.27,0.0,0.0,20677.83,19235.713,2023-08-01
600295.SH,2017-11-27,15.19,15.79,14.81,15.26,15.4,-0.14,-0.91,374161.46,575005.971,2023-08-01
600297.SH,2017-11-27,8.6,8.71,8.36,8.4,8.7,-0.3,-3.45,158974.33,135487.777,2023-08-01
000630.SZ,2017-11-27,2.78,2.79,2.73,2.74,2.77,-0.03,-1.08,495132.11,136979.308,2023-08-01
000631.SZ,2017-11-27,4.38,4.48,4.3,4.32,4.38,-0.06,-1.37,94518.15,41538.505,2023-08-01
000632.SZ,2017-11-27,6.24,6.3,6.12,6.13,6.22,-0.09,-1.45,20340.38,12638.683,2023-08-01
000633.SZ,2017-11-27,8.9,8.92,8.52,8.53,8.9,-0.37,-4.16,26612.42,23125.692,2023-08-01
000635.SZ,2017-11-27,15.02,15.02,14.54,14.66,15.01,-0.35,-2.33,16151.01,23952.548,2023-08-01
000636.SZ,2017-11-27,11.36,12.54,11.36,12.29,11.4,0.89,7.81,1018297.82,1245185.64,2023-08-01
000637.SZ,2017-11-27,5.79,5.81,5.72,5.75,5.81,-0.06,-1.03,20090.89,11562.72,2023-08-01
000639.SZ,2017-11-27,18.9,18.9,18.45,18.46,18.88,-0.42,-2.22,15303.0,28436.459,2023-08-01
000650.SZ,2017-11-27,5.43,5.46,5.39,5.42,5.42,0.0,0.0,36312.97,19716.408,2023-08-01
000651.SZ,2017-11-27,44.95,44.95,43.64,44.04,45.51,-1.47,-3.23,727477.9,3202360.573,2023-08-01
000652.SZ,2017-11-27,4.7,4.73,4.65,4.67,4.69,-0.02,-0.43,46551.01,21846.197,2023-08-01
000656.SZ,2017-11-27,4.56,4.59,4.5,4.58,4.53,0.05,1.1,99162.72,44994.846,2023-08-01
000551.SZ,2017-11-27,8.34,8.38,8.31,8.33,8.32,0.01,0.12,10399.0,8685.552,2023-08-01
000552.SZ,2017-11-27,3.5,3.53,3.47,3.48,3.49,-0.01,-0.29,92379.36,32372.077,2023-08-01
000553.SZ,2017-11-27,16.36,16.72,15.98,16.16,16.27,-0.11,-0.68,81878.12,135036.648,2023-08-01
000554.SZ,2017-11-27,8.18,8.24,8.04,8.06,8.21,-0.15,-1.83,48027.22,39037.325,2023-08-01
000557.SZ,2017-11-27,4.85,4.94,4.74,4.78,4.89,-0.11,-2.25,46962.8,22633.101,2023-08-01
000558.SZ,2017-11-27,5.4,5.41,5.28,5.32,5.4,-0.08,-1.48,56191.61,30077.301,2023-08-01
000559.SZ,2017-11-27,10.05,10.19,10.01,10.1,10.1,0.0,0.0,114265.19,115240.264,2023-08-01
000561.SZ,2017-11-27,8.46,8.5,8.22,8.31,8.57,-0.26,-3.03,33536.31,27967.697,2023-08-01
000563.SZ,2017-11-27,4.61,4.61,4.5,4.55,4.6,-0.05,-1.09,126004.08,57325.525,2023-08-01
000564.SZ,2017-11-27,4.79,4.86,4.76,4.78,4.85,-0.07,-1.44,143879.13,69184.286,2023-08-01
000565.SZ,2017-11-27,7.33,7.5,7.33,7.4,7.4,0.0,0.0,14279.73,10596.049,2023-08-01
000567.SZ,2017-11-27,23.46,23.92,23.46,23.5,23.43,0.07,0.3,10049.16,23789.322,2023-08-01
000568.SZ,2017-11-27,62.9,64.26,61.13,62.92,64.16,-1.24,-1.93,136882.22,856902.153,2023-08-01
600641.SH,2017-11-27,12.56,12.64,12.36,12.42,12.63,-0.21,-1.66,73551.15,91687.822,2023-08-01
600642.SH,2017-11-27,5.71,5.73,5.64,5.65,5.73,-0.08,-1.4,129966.07,73610.679,2023-08-01
600643.SH,2017-11-27,12.18,12.22,11.99,12.2,12.17,0.03,0.25,113016.25,137001.817,2023-08-01
600644.SH,2017-11-27,6.73,6.82,6.73,6.78,6.76,0.02,0.3,7960.0,5402.567,2023-08-01
600647.SH,2017-11-27,19.93,20.23,19.3,19.32,19.97,-0.65,-3.25,5738.0,11313.886,2023-08-01
600648.SH,2017-11-27,18.02,18.04,17.85,17.96,18.04,-0.08,-0.44,14359.56,25735.687,2023-08-01
600649.SH,2017-11-27,8.98,9.0,8.88,8.99,8.98,0.01,0.11,60165.59,53917.15,2023-08-01
600650.SH,2017-11-27,15.25,15.45,15.08,15.17,15.23,-0.06,-0.39,13369.71,20307.237,2023-08-01
600651.SH,2017-11-27,10.25,10.25,9.84,9.92,10.32,-0.4,-3.88,112843.58,113476.236,2023-08-01
600652.SH,2017-11-27,8.1,8.16,8.02,8.04,8.07,-0.03,-0.37,36465.15,29462.432,2023-08-01
600653.SH,2017-11-27,2.73,2.74,2.7,2.72,2.73,-0.01,-0.37,44576.05,12122.006,2023-08-01
600654.SH,2017-11-27,5.4,5.65,5.27,5.48,5.44,0.04,0.74,269917.73,146709.718,2023-08-01
600655.SH,2017-11-27,11.37,11.48,10.86,10.93,11.38,-0.45,-3.95,158588.25,176213.882,2023-08-01
600657.SH,2017-11-27,5.6,5.65,5.55,5.56,5.63,-0.07,-1.24,93911.74,52546.178,2023-08-01
600658.SH,2017-11-27,10.4,10.47,10.32,10.45,10.49,-0.04,-0.38,9956.24,10358.144,2023-08-01
600660.SH,2017-11-27,27.13,27.36,26.62,26.86,27.26,-0.4,-1.47,106154.72,286175.474,2023-08-01
600661.SH,2017-11-27,20.67,20.74,20.4,20.62,20.67,-0.05,-0.24,7303.09,15024.962,2023-08-01
600662.SH,2017-11-27,6.1,6.17,6.07,6.08,6.15,-0.07,-1.14,40905.7,24988.524,2023-08-01
600663.SH,2017-11-27,22.1,22.2,21.96,22.19,22.15,0.04,0.18,25142.57,55656.977,2023-08-01
600665.SH,2017-11-27,4.18,4.22,4.15,4.17,4.21,-0.04,-0.95,28039.4,11711.687,2023-08-01
600667.SH,2017-11-27,7.77,7.82,7.28,7.33,7.87,-0.54,-6.86,490721.43,372213.898,2023-08-01
600668.SH,2017-11-27,15.62,15.86,15.55,15.61,15.62,-0.01,-0.06,28123.44,44181.449,2023-08-01
600671.SH,2017-11-27,23.23,23.39,22.84,23.06,23.1,-0.04,-0.17,9270.17,21428.124,2023-08-01
600061.SH,2017-11-27,14.56,14.68,14.48,14.63,14.61,0.02,0.14,61498.14,89677.908,2023-08-01
600062.SH,2017-11-27,23.71,24.25,23.29,24.0,23.82,0.18,0.76,73764.05,175692.053,2023-08-01
600063.SH,2017-11-27,3.88,3.89,3.85,3.86,3.88,-0.02,-0.52,45411.0,17568.162,2023-08-01
600064.SH,2017-11-27,14.27,14.31,14.09,14.12,14.27,-0.15,-1.05,19808.0,28059.491,2023-08-01
600066.SH,2017-11-27,23.25,23.9,23.25,23.74,23.7,0.04,0.17,139386.0,329901.428,2023-08-01
600067.SH,2017-11-27,6.25,6.29,6.21,6.23,6.26,-0.03,-0.48,37359.65,23337.932,2023-08-01
600068.SH,2017-11-27,9.28,9.29,9.15,9.23,9.22,0.01,0.11,258664.4,238574.051,2023-08-01
600069.SH,2017-11-27,8.52,8.79,8.48,8.57,8.56,0.01,0.12,121072.11,104099.283,2023-08-01
600070.SH,2017-11-27,9.61,9.72,9.53,9.68,9.7,-0.02,-0.21,21964.06,21124.221,2023-08-01
600071.SH,2017-11-27,18.48,18.48,17.57,17.69,18.21,-0.52,-2.86,9673.2,17343.748,2023-08-01
600072.SH,2017-11-27,13.97,14.13,13.7,13.78,13.98,-0.2,-1.43,33882.54,47075.852,2023-08-01
600073.SH,2017-11-27,8.06,8.18,8.05,8.09,8.07,0.02,0.25,45890.54,37180.963,2023-08-01
600075.SH,2017-11-27,7.81,8.01,7.8,7.92,7.84,0.08,1.02,64708.5,51253.265,2023-08-01
600076.SH,2017-11-27,8.52,8.58,8.4,8.48,8.54,-0.06,-0.7,40914.1,34762.678,2023-08-01
000998.SZ,2017-11-27,26.03,26.31,24.48,24.95,26.31,-1.36,-5.17,145180.6,368975.942,2023-08-01
000999.SZ,2017-11-27,25.79,26.09,25.68,25.75,25.95,-0.2,-0.77,36214.21,93474.582,2023-08-01
001896.SZ,2017-11-27,5.65,5.68,5.61,5.62,5.64,-0.02,-0.35,25730.32,14514.952,2023-08-01
001979.SZ,2017-11-27,19.74,19.98,19.42,19.82,19.85,-0.03,-0.15,185385.29,365730.007,2023-08-01
002001.SZ,2017-11-27,35.75,35.96,33.53,33.79,35.9,-2.11,-5.88,303752.43,1049342.032,2023-08-01
002002.SZ,2017-11-27,6.93,7.06,6.93,7.01,6.99,0.02,0.29,72180.35,50604.419,2023-08-01
002003.SZ,2017-11-27,10.66,10.75,10.6,10.65,10.7,-0.05,-0.47,21623.56,23070.958,2023-08-01
002004.SZ,2017-11-27,6.96,6.99,6.92,6.93,6.96,-0.03,-0.43,24919.3,17314.739,2023-08-01
002005.SZ,2017-11-27,4.74,4.79,4.71,4.74,4.75,-0.01,-0.21,53528.41,25332.235,2023-08-01
002006.SZ,2017-11-27,6.74,6.82,6.61,6.79,6.73,0.06,0.89,61372.99,41322.94,2023-08-01
002007.SZ,2017-11-27,29.7,30.23,29.41,29.85,29.71,0.14,0.47,64562.03,192383.056,2023-08-01
002008.SZ,2017-11-27,51.81,52.19,49.21,51.38,52.48,-1.1,-2.1,226664.41,1153468.088,2023-08-01
002009.SZ,2017-11-27,17.15,17.56,16.99,17.0,17.4,-0.4,-2.3,36231.13,62208.369,2023-08-01
002010.SZ,2017-11-27,15.9,16.1,15.7,15.9,15.9,0.0,0.0,11613.21,18422.978,2023-08-01
002011.SZ,2017-11-27,8.5,8.78,8.5,8.57,8.53,0.04,0.47,69603.18,60046.422,2023-08-01
002013.SZ,2017-11-27,10.68,10.82,10.52,10.61,10.68,-0.07,-0.66,74514.26,79627.055,2023-08-01
002014.SZ,2017-11-27,11.79,11.96,11.66,11.88,11.79,0.09,0.76,9853.56,11648.361,2023-08-01
002016.SZ,2017-11-27,10.46,10.78,10.24,10.44,10.56,-0.12,-1.14,191075.38,200479.407,2023-08-01
000925.SZ,2017-11-27,15.03,15.24,14.7,14.89,15.15,-0.26,-1.72,19419.22,29065.97,2023-08-01
000926.SZ,2017-11-27,12.15,12.22,12.07,12.18,12.18,0.0,0.0,75119.45,91375.532,2023-08-01
000927.SZ,2017-11-27,4.4,4.59,4.25,4.27,4.68,-0.41,-8.76,528921.22,230409.246,2023-08-01
000928.SZ,2017-11-27,6.37,6.4,6.32,6.35,6.39,-0.04,-0.63,77353.17,49136.656,2023-08-01
000929.SZ,2017-11-27,11.8,11.9,11.54,11.9,11.9,0.0,0.0,14695.66,17212.652,2023-08-01
000931.SZ,2017-11-27,6.88,6.96,6.73,6.74,6.82,-0.08,-1.17,32841.81,22540.153,2023-08-01
000932.SZ,2017-11-27,8.85,9.03,8.71,8.73,8.68,0.05,0.58,454460.19,404023.921,2023-08-01
000933.SZ,2017-11-27,9.0,9.36,8.85,8.91,8.95,-0.04,-0.45,981997.89,895222.183,2023-08-01
000935.SZ,2017-11-27,16.18,17.32,16.18,16.96,16.43,0.53,3.23,134994.89,226781.654,2023-08-01
000936.SZ,2017-11-27,7.52,7.79,7.31,7.34,7.54,-0.2,-2.65,369254.57,277341.676,2023-08-01
000937.SZ,2017-11-27,5.84,5.9,5.8,5.84,5.84,0.0,0.0,132613.05,77663.616,2023-08-01
000938.SZ,2017-11-27,70.04,71.97,67.23,68.04,69.5,-1.46,-2.1,98664.34,687358.076,2023-08-01
300247.SZ,2017-11-27,5.56,5.67,5.46,5.47,5.42,0.05,0.92,107998.0,59989.297,2023-08-01
300248.SZ,2017-11-27,13.76,13.85,13.6,13.67,13.72,-0.05,-0.36,14164.2,19461.998,2023-08-01
300249.SZ,2017-11-27,10.3,10.35,9.83,9.95,10.39,-0.44,-4.23,28327.55,28319.911,2023-08-01
300250.SZ,2017-11-27,15.91,16.09,15.6,15.81,15.91,-0.1,-0.63,13765.37,21895.979,2023-08-01
300251.SZ,2017-11-27,9.62,9.98,9.57,9.83,9.73,0.1,1.03,109674.13,108071.984,2023-08-01
300252.SZ,2017-11-27,17.3,17.49,17.02,17.07,17.47,-0.4,-2.29,27421.59,47163.147,2023-08-01
300253.SZ,2017-11-27,6.91,7.1,6.9,6.91,6.96,-0.05,-0.72,77973.0,54537.926,2023-08-01
300254.SZ,2017-11-27,10.87,10.92,10.71,10.72,10.86,-0.14,-1.29,9564.43,10325.396,2023-08-01
300255.SZ,2017-11-27,7.18,7.35,7.18,7.24,7.19,0.05,0.7,32640.94,23674.539,2023-08-01
300256.SZ,2017-11-27,9.21,10.17,9.21,9.8,9.25,0.55,5.95,145956.67,142009.384,2023-08-01
300257.SZ,2017-11-27,14.8,16.16,14.8,15.8,14.8,1.0,6.76,43242.17,67540.569,2023-08-01
300258.SZ,2017-11-27,15.15,15.26,14.9,15.04,15.19,-0.15,-0.99,22520.59,33821.349,2023-08-01
300259.SZ,2017-11-27,9.16,9.48,9.15,9.33,9.14,0.19,2.08,18047.9,16882.085,2023-08-01
300261.SZ,2017-11-27,8.99,9.11,8.9,8.97,9.07,-0.1,-1.1,14343.87,12875.711,2023-08-01
300262.SZ,2017-11-27,8.76,8.86,8.69,8.73,8.75,-0.02,-0.23,29208.7,25625.845,2023-08-01
300263.SZ,2017-11-27,8.07,8.23,8.0,8.03,8.05,-0.02,-0.25,149062.0,121286.444,2023-08-01
300264.SZ,2017-11-27,7.96,8.03,7.6,7.79,7.97,-0.18,-2.26,38542.29,30155.747,2023-08-01
300265.SZ,2017-11-27,9.6,9.65,9.26,9.28,9.6,-0.32,-3.33,16100.0,15141.484,2023-08-01
300266.SZ,2017-11-27,26.75,26.98,26.2,26.7,26.78,-0.08,-0.3,18263.0,48853.161,2023-08-01
300267.SZ,2017-11-27,8.35,8.35,8.35,8.35,9.28,-0.93,-10.02,21585.0,18023.475,2023-08-01
300288.SZ,2017-11-27,25.2,26.48,24.92,25.88,25.18,0.7,2.78,67148.5,174391.909,2023-08-01
300289.SZ,2017-11-27,8.87,8.93,8.81,8.86,8.91,-0.05,-0.56,18759.5,16635.156,2023-08-01
300290.SZ,2017-11-27,8.45,8.52,8.33,8.33,8.45,-0.12,-1.42,9993.6,8423.677,2023-08-01
300291.SZ,2017-11-27,11.9,12.01,11.79,11.86,11.9,-0.04,-0.34,42884.42,51069.809,2023-08-01
300292.SZ,2017-11-27,5.54,5.56,5.43,5.48,5.58,-0.1,-1.79,67080.65,36766.011,2023-08-01
300293.SZ,2017-11-27,11.52,11.55,11.09,11.24,11.54,-0.3,-2.6,6136.16,6977.298,2023-08-01
300294.SZ,2017-11-27,30.08,30.1,29.6,29.6,30.06,-0.46,-1.53,14089.5,42099.016,2023-08-01
300295.SZ,2017-11-27,19.32,19.32,18.45,18.5,19.26,-0.76,-3.95,40444.94,76381.716,2023-08-01
300296.SZ,2017-11-27,21.82,22.05,20.99,21.0,21.73,-0.73,-3.36,113874.81,243610.144,2023-08-01
300297.SZ,2017-11-27,9.87,9.98,9.71,9.73,9.87,-0.14,-1.42,37302.9,36655.314,2023-08-01
300298.SZ,2017-11-27,20.1,20.1,19.5,19.54,19.97,-0.43,-2.15,17844.84,35126.759,2023-08-01
300299.SZ,2017-11-27,9.69,9.69,9.35,9.42,9.7,-0.28,-2.89,49146.59,46764.887,2023-08-01
300300.SZ,2017-11-27,16.12,16.12,15.9,15.98,16.13,-0.15,-0.93,8569.35,13689.177,2023-08-01
300302.SZ,2017-11-27,12.04,12.33,11.94,11.96,12.03,-0.07,-0.58,32833.9,39779.052,2023-08-01
300303.SZ,2017-11-27,3.92,3.95,3.88,3.9,3.9,0.0,0.0,49985.4,19596.835,2023-08-01
300304.SZ,2017-11-27,7.42,7.49,7.34,7.39,7.41,-0.02,-0.27,64674.6,47949.602,2023-08-01
300305.SZ,2017-11-27,7.68,7.74,7.6,7.66,7.7,-0.04,-0.52,10183.47,7810.031,2023-08-01
300306.SZ,2017-11-27,17.8,17.8,17.09,17.11,17.75,-0.64,-3.61,10022.0,17368.193,2023-08-01
300307.SZ,2017-11-27,8.69,8.72,8.62,8.67,8.67,0.0,0.0,14681.0,12746.856,2023-08-01
300308.SZ,2017-11-27,44.95,45.7,43.98,44.81,45.13,-0.32,-0.71,17293.59,77365.619,2023-08-01
300309.SZ,2017-11-27,21.6,22.28,21.6,21.79,21.79,0.0,0.0,16873.12,37172.057,2023-08-01
300310.SZ,2017-11-27,11.95,12.0,11.3,11.5,12.04,-0.54,-4.49,132470.65,153364.333,2023-08-01
300311.SZ,2017-11-27,14.53,14.69,14.25,14.41,14.48,-0.07,-0.48,26695.07,38777.039,2023-08-01
300494.SZ,2017-11-27,17.02,17.08,16.6,16.83,17.26,-0.43,-2.49,56849.0,95697.098,2023-08-01
300495.SZ,2017-11-27,15.0,15.16,14.81,14.86,15.0,-0.14,-0.93,17160.55,25859.418,2023-08-01
300496.SZ,2017-11-27,34.0,35.18,33.39,33.45,34.3,-0.85,-2.48,86489.28,297653.62,2023-08-01
300497.SZ,2017-11-27,39.03,39.29,38.78,38.85,38.96,-0.11,-0.28,6212.5,24224.228,2023-08-01
300498.SZ,2017-11-27,25.24,25.47,24.19,24.41,25.24,-0.83,-3.29,152719.9,378866.193,2023-08-01
300499.SZ,2017-11-27,21.96,22.34,21.9,22.01,22.09,-0.08,-0.36,3612.8,8017.279,2023-08-01
300500.SZ,2017-11-27,31.23,34.27,31.01,34.27,31.15,3.12,10.02,29089.43,96377.971,2023-08-01
300501.SZ,2017-11-27,38.6,39.3,38.6,38.86,38.6,0.26,0.67,2577.28,10048.951,2023-08-01
300502.SZ,2017-11-27,33.0,33.33,30.6,30.6,34.0,-3.4,-10.0,69030.0,218875.369,2023-08-01
300503.SZ,2017-11-27,14.02,14.27,13.6,13.69,14.3,-0.61,-4.27,34762.43,48475.651,2023-08-01
300505.SZ,2017-11-27,34.95,35.76,34.7,34.8,34.95,-0.15,-0.43,10563.66,37216.105,2023-08-01
300506.SZ,2017-11-27,22.34,22.88,22.17,22.7,22.6,0.1,0.44,17251.78,38847.232,2023-08-01
300507.SZ,2017-11-27,32.78,32.99,31.85,32.15,32.51,-0.36,-1.11,6849.6,22221.11,2023-08-01
300508.SZ,2017-11-27,80.99,82.4,74.7,74.7,83.0,-8.3,-10.0,13139.0,100844.963,2023-08-01
300509.SZ,2017-11-27,27.77,27.97,27.5,27.62,27.9,-0.28,-1.0,1709.0,4734.592,2023-08-01
300510.SZ,2017-11-27,27.38,27.89,27.11,27.5,27.39,0.11,0.4,7378.54,20281.011,2023-08-01
300585.SZ,2017-11-27,19.82,20.08,19.2,19.41,19.81,-0.4,-2.02,40205.72,79164.406,2023-08-01
300586.SZ,2017-11-27,28.99,28.99,27.01,27.01,28.16,-1.15,-4.08,19605.95,54763.188,2023-08-01
300587.SZ,2017-11-27,24.05,24.19,23.31,23.33,23.76,-0.43,-1.81,10396.0,24763.602,2023-08-01
300588.SZ,2017-11-27,32.25,33.47,31.51,33.2,32.26,0.94,2.91,25133.89,81927.072,2023-08-01
300589.SZ,2017-11-27,23.28,23.65,22.0,23.17,23.24,-0.07,-0.3,7283.0,16974.317,2023-08-01
300591.SZ,2017-11-27,9.29,9.41,9.24,9.24,9.3,-0.06,-0.65,11581.13,10785.681,2023-08-01
300592.SZ,2017-11-27,18.77,19.1,18.49,18.62,18.71,-0.09,-0.48,6976.9,13098.318,2023-08-01
300593.SZ,2017-11-27,21.31,21.55,20.81,20.81,21.49,-0.68,-3.16,10776.77,22740.805,2023-08-01
300595.SZ,2017-11-27,54.05,54.35,52.7,53.69,54.05,-0.36,-0.67,5287.58,28295.313,2023-08-01
300596.SZ,2017-11-27,19.72,19.95,19.05,19.17,19.8,-0.63,-3.18,12114.64,23746.647,2023-08-01
300623.SZ,2017-11-27,83.0,83.08,76.17,76.28,84.63,-8.35,-9.87,35150.7,276940.117,2023-08-01
300625.SZ,2017-11-27,27.32,27.54,27.16,27.18,27.47,-0.29,-1.06,10149.64,27719.711,2023-08-01
300626.SZ,2017-11-27,31.1,31.58,30.83,31.09,31.5,-0.41,-1.3,1807.0,5647.876,2023-08-01
300627.SZ,2017-11-27,51.4,51.4,47.58,48.0,51.47,-3.47,-6.74,14213.08,69852.026,2023-08-01
300628.SZ,2017-11-27,131.31,132.79,128.8,129.54,133.5,-3.96,-2.97,11076.0,144384.391,2023-08-01
300629.SZ,2017-11-27,44.45,45.16,42.8,42.94,44.6,-1.66,-3.72,9358.5,40918.883,2023-08-01
300630.SZ,2017-11-27,61.33,62.12,59.15,59.86,61.12,-1.26,-2.06,7337.11,44061.877,2023-08-01
300631.SZ,2017-11-27,25.16,25.44,24.55,24.57,25.46,-0.89,-3.5,8980.2,22414.972,2023-08-01
300632.SZ,2017-11-27,22.07,22.35,21.82,21.86,22.09,-0.23,-1.04,10000.64,22079.397,2023-08-01
300633.SZ,2017-11-27,25.31,25.54,24.63,24.66,25.3,-0.64,-2.53,9717.87,24374.647,2023-08-01
300635.SZ,2017-11-27,19.99,20.26,19.3,19.44,19.58,-0.14,-0.72,28375.85,56411.848,2023-08-01
300636.SZ,2017-11-27,32.8,33.25,31.8,32.15,32.89,-0.74,-2.25,6743.0,21967.613,2023-08-01
300637.SZ,2017-11-27,20.91,21.05,20.33,20.65,21.01,-0.36,-1.71,6586.31,13628.457,2023-08-01
300638.SZ,2017-11-27,45.8,46.2,43.34,43.34,48.16,-4.82,-10.01,50607.25,221935.434,2023-08-01
300639.SZ,2017-11-27,69.0,70.62,67.22,70.4,69.25,1.15,1.66,63324.28,437964.355,2023-08-01
300640.SZ,2017-11-27,26.7,27.05,26.21,26.3,26.85,-0.55,-2.05,2937.0,7848.473,2023-08-01
300641.SZ,2017-11-27,15.11,15.25,15.1,15.11,15.14,-0.03,-0.2,6512.0,9871.617,2023-08-01
300642.SZ,2017-11-27,113.98,113.98,103.31,103.31,114.79,-11.48,-10.0,21176.16,226131.741,2023-08-01
300643.SZ,2017-11-27,12.91,12.99,12.61,12.67,12.83,-0.16,-1.25,13910.07,17814.494,2023-08-01
300645.SZ,2017-11-27,40.52,41.33,39.58,39.74,40.84,-1.1,-2.69,10671.0,43351.91,2023-08-01
002727.SZ,2017-11-27,19.65,19.87,19.41,19.42,19.65,-0.23,-1.17,12974.86,25506.202,2023-08-01
002728.SZ,2017-11-27,19.08,19.19,19.0,19.03,19.07,-0.04,-0.21,4217.2,8035.641,2023-08-01
002729.SZ,2017-11-27,66.36,66.8,65.08,66.2,66.1,0.1,0.15,6200.0,41075.132,2023-08-01
002730.SZ,2017-11-27,12.9,12.91,12.1,12.35,13.2,-0.85,-6.44,73424.81,91209.212,2023-08-01
002731.SZ,2017-11-27,19.98,20.5,19.91,20.33,20.18,0.15,0.74,3729.0,7570.598,2023-08-01
002732.SZ,2017-11-27,26.7,26.87,26.1,26.1,26.7,-0.6,-2.25,9989.89,26344.755,2023-08-01
002733.SZ,2017-11-27,17.91,18.46,17.7,18.12,17.79,0.33,1.86,78340.15,142841.32,2023-08-01
002734.SZ,2017-11-27,24.0,24.1,21.7,23.5,24.07,-0.57,-2.37,5306.03,12662.646,2023-08-01
002735.SZ,2017-11-27,33.93,34.14,32.8,33.3,33.8,-0.5,-1.48,3144.75,10473.514,2023-08-01
002736.SZ,2017-11-27,12.3,12.63,12.25,12.54,12.5,0.04,0.32,70256.88,87577.769,2023-08-01
002737.SZ,2017-11-27,31.82,32.68,31.8,32.32,32.08,0.24,0.75,9569.26,31009.429,2023-08-01
002741.SZ,2017-11-27,16.05,16.51,15.58,16.31,16.18,0.13,0.8,21245.0,34200.069,2023-08-01
002742.SZ,2017-11-27,20.89,21.29,20.8,20.96,20.94,0.02,0.1,68857.99,144883.403,2023-08-01
002743.SZ,2017-11-27,11.6,12.13,11.27,11.69,11.59,0.1,0.86,85736.0,100706.393,2023-08-01
002745.SZ,2017-11-27,47.82,48.25,45.65,47.55,48.26,-0.71,-1.47,32894.58,154799.009,2023-08-01
002746.SZ,2017-11-27,22.39,24.62,22.39,23.39,22.38,1.01,4.51,30852.41,72734.207,2023-08-01
002747.SZ,2017-11-27,11.55,11.55,11.21,11.43,11.65,-0.22,-1.89,52734.48,60053.297,2023-08-01
002748.SZ,2017-11-27,14.98,15.3,14.85,15.14,14.98,0.16,1.07,9852.0,14872.274,2023-08-01
002749.SZ,2017-11-27,80.01,81.0,78.18,78.5,81.2,-2.7,-3.33,14583.0,115964.45,2023-08-01
002750.SZ,2017-11-27,10.28,10.39,10.01,10.08,10.24,-0.16,-1.56,18142.0,18380.039,2023-08-01
002772.SZ,2017-11-27,11.86,11.9,11.73,11.89,11.91,-0.02,-0.17,16437.41,19441.443,2023-08-01
002773.SZ,2017-11-27,61.85,62.26,60.0,60.2,61.79,-1.59,-2.57,3608.62,21792.523,2023-08-01
002774.SZ,2017-11-27,10.17,10.2,10.02,10.08,10.18,-0.1,-0.98,14386.0,14543.05,2023-08-01
002775.SZ,2017-11-27,20.01,20.08,19.75,19.95,20.03,-0.08,-0.4,10856.57,21654.933,2023-08-01
002776.SZ,2017-11-27,22.48,22.48,21.8,22.1,22.48,-0.38,-1.69,4392.0,9725.253,2023-08-01
002777.SZ,2017-11-27,42.27,42.67,39.2,39.45,42.05,-2.6,-6.18,20803.74,84290.22,2023-08-01
002778.SZ,2017-11-27,24.89,25.19,24.81,24.97,24.89,0.08,0.32,2807.01,7017.519,2023-08-01
002779.SZ,2017-11-27,20.45,20.55,19.86,19.88,20.59,-0.71,-3.45,6522.0,13108.968,2023-08-01
002780.SZ,2017-11-27,25.71,26.14,25.51,25.9,25.7,0.2,0.78,3819.36,9866.347,2023-08-01
002781.SZ,2017-11-27,23.83,23.99,23.3,23.64,23.85,-0.21,-0.88,7409.0,17540.244,2023-08-01
002782.SZ,2017-11-27,14.64,14.64,14.21,14.22,14.66,-0.44,-3.0,13685.0,19725.387,2023-08-01
002783.SZ,2017-11-27,19.2,19.29,19.06,19.12,19.17,-0.05,-0.26,5381.05,10313.39,2023-08-01
002785.SZ,2017-11-27,14.0,14.67,13.7,14.39,14.12,0.27,1.91,30027.0,42543.018,2023-08-01
002786.SZ,2017-11-27,9.8,9.8,9.58,9.68,9.7,-0.02,-0.21,15482.0,15044.332,2023-08-01
002787.SZ,2017-11-27,11.32,11.35,11.06,11.09,11.33,-0.24,-2.12,18167.95,20358.415,2023-08-01
002788.SZ,2017-11-27,32.76,32.76,31.83,31.86,32.78,-0.92,-2.81,12269.0,39488.965,2023-08-01
002789.SZ,2017-11-27,46.3,46.3,44.08,44.38,46.33,-1.95,-4.21,8853.47,39797.378,2023-08-01
002790.SZ,2017-11-27,27.99,28.01,27.51,27.52,27.92,-0.4,-1.43,3348.01,9291.232,2023-08-01
002791.SZ,2017-11-27,19.05,19.26,18.92,19.07,18.92,0.15,0.79,7559.24,14432.143,2023-08-01
002792.SZ,2017-11-27,38.74,38.9,35.54,36.21,39.37,-3.16,-8.03,80988.77,305241.405,2023-08-01
002793.SZ,2017-11-27,16.65,16.79,16.62,16.72,16.64,0.08,0.48,5988.0,10009.367,2023-08-01
002795.SZ,2017-11-27,16.18,16.68,15.95,16.19,16.3,-0.11,-0.67,12412.0,20067.73,2023-08-01
002796.SZ,2017-11-27,29.99,30.36,29.8,29.95,30.09,-0.14,-0.47,5004.0,15050.598,2023-08-01
002797.SZ,2017-11-27,9.52,9.76,9.32,9.58,9.53,0.05,0.52,620559.78,593537.605,2023-08-01
002798.SZ,2017-11-27,51.79,53.26,51.1,52.0,51.74,0.26,0.5,7415.53,38779.713,2023-08-01
002799.SZ,2017-11-27,27.5,27.75,27.04,27.22,27.75,-0.53,-1.91,14230.0,38910.991,2023-08-01
002825.SZ,2017-11-27,26.24,26.3,23.75,24.21,26.27,-2.06,-7.84,8911.84,22353.964,2023-08-01
002826.SZ,2017-11-27,17.18,17.68,17.18,17.2,17.91,-0.71,-3.96,16053.57,27770.271,2023-08-01
002827.SZ,2017-11-27,20.0,20.65,19.3,20.23,20.11,0.12,0.6,30400.26,60646.517,2023-08-01
002828.SZ,2017-11-27,23.28,23.6,22.92,22.97,23.31,-0.34,-1.46,12293.22,28495.534,2023-08-01
002829.SZ,2017-11-27,26.39,27.22,26.25,26.7,26.33,0.37,1.41,10649.0,28578.789,2023-08-01
002830.SZ,2017-11-27,27.98,28.68,26.95,27.35,28.24,-0.89,-3.15,81282.64,225183.729,2023-08-01
002831.SZ,2017-11-27,65.9,65.9,64.12,64.58,64.92,-0.34,-0.52,3106.97,20120.703,2023-08-01
002832.SZ,2017-11-27,61.0,62.5,59.0,62.0,60.53,1.47,2.43,4507.59,27621.136,2023-08-01
002833.SZ,2017-11-27,59.55,59.95,57.26,57.99,59.79,-1.8,-3.01,7966.56,46714.215,2023-08-01
002835.SZ,2017-11-27,12.06,12.2,11.65,11.94,12.1,-0.16,-1.32,17528.74,20838.52,2023-08-01
002836.SZ,2017-11-27,21.1,21.8,21.0,21.3,21.02,0.28,1.33,14596.08,31267.932,2023-08-01
002837.SZ,2017-11-27,28.03,28.47,25.97,26.47,28.85,-2.38,-8.25,104732.52,283785.693,2023-08-01
002838.SZ,2017-11-27,41.17,41.88,40.51,41.3,41.45,-0.15,-0.36,3807.19,15654.686,2023-08-01
002839.SZ,2017-11-27,9.82,9.89,9.59,9.7,9.89,-0.19,-1.92,76538.1,74182.191,2023-08-01
002840.SZ,2017-11-27,32.0,33.24,32.0,32.6,32.95,-0.35,-1.06,14457.84,47463.59,2023-08-01
002841.SZ,2017-11-27,75.9,75.9,72.55,72.99,75.59,-2.6,-3.44,8411.89,61829.905,2023-08-01
002842.SZ,2017-11-27,44.5,45.5,43.43,43.54,44.92,-1.38,-3.07,14497.04,64487.616,2023-08-01
002843.SZ,2017-11-27,26.6,26.95,24.39,24.39,27.1,-2.71,-10.0,46657.16,118723.275,2023-08-01
002845.SZ,2017-11-27,31.05,31.25,29.89,30.2,30.9,-0.7,-2.27,22715.74,69254.067,2023-08-01
002846.SZ,2017-11-27,25.99,26.48,24.8,25.05,25.9,-0.85,-3.28,125389.85,318732.901,2023-08-01
002847.SZ,2017-11-27,28.28,29.0,28.28,28.72,28.57,0.15,0.53,9391.1,26986.313,2023-08-01
002848.SZ,2017-11-27,15.98,16.26,15.92,16.05,16.02,0.03,0.19,14899.0,23986.066,2023-08-01
002849.SZ,2017-11-27,30.15,30.78,30.15,30.16,30.12,0.04,0.13,4600.0,14009.388,2023-08-01
002850.SZ,2017-11-27,69.01,70.0,68.01,68.08,69.35,-1.27,-1.83,11578.59,79911.506,2023-08-01
002901.SZ,2017-11-27,37.59,38.29,35.6,35.6,38.1,-2.5,-6.56,50811.75,187214.068,2023-08-01
002902.SZ,2017-11-27,39.6,39.6,36.9,37.45,40.32,-2.87,-7.12,70882.17,270234.759,2023-08-01
002903.SZ,2017-11-27,40.26,41.69,39.6,40.5,40.75,-0.25,-0.61,22692.32,92284.067,2023-08-01
002905.SZ,2017-11-27,36.56,36.76,35.8,35.84,36.7,-0.86,-2.34,17607.67,63743.793,2023-08-01
002906.SZ,2017-11-27,23.8,24.9,23.8,24.18,23.79,0.39,1.64,40984.46,99802.675,2023-08-01
002907.SZ,2017-11-27,19.98,20.66,19.4,20.25,20.07,0.18,0.9,72980.07,147019.447,2023-08-01
002908.SZ,2017-11-27,30.83,30.97,28.53,28.56,31.7,-3.14,-9.91,90213.85,264993.323,2023-08-01
002909.SZ,2017-11-27,21.16,21.87,20.8,20.85,21.42,-0.57,-2.66,32062.58,67837.022,2023-08-01
002910.SZ,2017-11-27,22.12,23.06,21.55,22.73,22.04,0.69,3.13,145959.33,327966.534,2023-08-01
002911.SZ,2017-11-27,26.72,26.72,26.72,26.72,24.29,2.43,10.0,3775.98,10089.418,2023-08-01
002912.SZ,2017-11-27,63.72,63.72,63.72,63.72,57.93,5.79,9.99,266.0,1694.952,2023-08-01
300001.SZ,2017-11-27,14.27,14.34,14.0,14.08,14.29,-0.21,-1.47,20842.49,29574.149,2023-08-01
300002.SZ,2017-11-27,6.16,6.73,6.14,6.4,6.12,0.28,4.58,187180.91,120879.573,2023-08-01
300127.SZ,2017-11-27,16.69,16.8,16.24,16.43,16.8,-0.37,-2.2,26455.85,43949.889,2023-08-01
300128.SZ,2017-11-27,11.9,12.09,11.66,11.7,11.99,-0.29,-2.42,215859.68,256369.794,2023-08-01
300129.SZ,2017-11-27,7.21,7.32,7.17,7.18,7.22,-0.04,-0.55,11662.51,8438.023,2023-08-01
300130.SZ,2017-11-27,24.27,24.73,23.0,24.4,24.4,0.0,0.0,35302.05,84127.824,2023-08-01
300131.SZ,2017-11-27,6.97,7.06,6.83,6.92,6.97,-0.05,-0.72,27836.47,19395.599,2023-08-01
300133.SZ,2017-11-27,9.79,10.19,9.78,10.03,9.77,0.26,2.66,114586.84,114954.895,2023-08-01
300134.SZ,2017-11-27,15.03,15.24,13.9,14.0,15.39,-1.39,-9.03,251131.91,363568.589,2023-08-01
300135.SZ,2017-11-27,3.83,3.86,3.8,3.82,3.82,0.0,0.0,34297.57,13134.05,2023-08-01
300136.SZ,2017-11-27,55.07,55.43,50.63,53.0,55.1,-2.1,-3.81,147637.29,785089.09,2023-08-01
300137.SZ,2017-11-27,20.61,21.66,20.61,21.19,20.5,0.69,3.37,204156.17,432716.455,2023-08-01
300138.SZ,2017-11-27,13.0,13.18,12.91,12.93,13.0,-0.07,-0.54,20666.41,26903.708,2023-08-01
300139.SZ,2017-11-27,7.95,8.04,7.8,7.9,7.98,-0.08,-1.0,22180.3,17564.957,2023-08-01
300141.SZ,2017-11-27,11.75,11.78,11.5,11.6,11.65,-0.05,-0.43,18605.48,21717.699,2023-08-01
300142.SZ,2017-11-27,20.45,20.68,19.88,20.2,20.7,-0.5,-2.42,124705.1,252385.307,2023-08-01
300143.SZ,2017-11-27,26.5,26.5,25.6,25.77,26.47,-0.7,-2.64,3432.0,8940.71,2023-08-01
300144.SZ,2017-11-27,19.65,19.65,19.1,19.12,19.69,-0.57,-2.89,71598.5,137917.207,2023-08-01
300145.SZ,2017-11-27,14.22,14.98,14.12,14.54,14.23,0.31,2.18,82033.03,119738.207,2023-08-01
300146.SZ,2017-11-27,14.18,14.45,13.95,13.99,14.23,-0.24,-1.69,158455.88,223931.781,2023-08-01
300147.SZ,2017-11-27,8.74,8.8,8.68,8.73,8.75,-0.02,-0.23,23171.05,20260.587,2023-08-01
300148.SZ,2017-11-27,8.35,8.41,8.19,8.36,8.45,-0.09,-1.07,152979.56,126773.944,2023-08-01
300150.SZ,2017-11-27,5.66,5.73,5.6,5.62,5.63,-0.01,-0.18,19207.34,10893.315,2023-08-01
300171.SZ,2017-11-27,9.57,9.66,9.45,9.48,9.57,-0.09,-0.94,20139.0,19250.705,2023-08-01
300172.SZ,2017-11-27,8.3,8.36,8.22,8.28,8.29,-0.01,-0.12,21054.3,17442.548,2023-08-01
300173.SZ,2017-11-27,8.95,9.22,8.93,9.09,8.87,0.22,2.48,20030.63,18256.44,2023-08-01
300174.SZ,2017-11-27,27.11,28.0,26.95,27.5,27.62,-0.12,-0.43,3388.0,9244.859,2023-08-01
300175.SZ,2017-11-27,7.07,7.16,7.02,7.04,7.06,-0.02,-0.28,31558.24,22318.391,2023-08-01
300176.SZ,2017-11-27,107.3,117.77,106.0,107.0,112.8,-5.8,-5.14,22092.1,245450.141,2023-08-01
300177.SZ,2017-11-27,11.57,11.87,11.09,11.16,11.56,-0.4,-3.46,39696.01,45170.552,2023-08-01
300178.SZ,2017-11-27,13.38,13.5,13.05,13.2,13.34,-0.14,-1.05,17780.0,23595.88,2023-08-01
300179.SZ,2017-11-27,6.09,6.16,6.05,6.12,6.11,0.01,0.16,20204.28,12339.546,2023-08-01
300180.SZ,2017-11-27,24.19,24.6,23.82,24.0,24.3,-0.3,-1.23,6218.07,14987.8,2023-08-01
300181.SZ,2017-11-27,6.12,6.13,6.05,6.06,6.09,-0.03,-0.49,13899.1,8446.941,2023-08-01
300182.SZ,2017-11-27,8.43,8.45,8.29,8.4,8.46,-0.06,-0.71,93930.38,78764.489,2023-08-01
300183.SZ,2017-11-27,19.35,19.48,18.05,18.46,19.62,-1.16,-5.91,98537.1,184277.752,2023-08-01
300184.SZ,2017-11-27,11.65,11.78,11.45,11.6,11.69,-0.09,-0.77,21862.85,25378.477,2023-08-01
300185.SZ,2017-11-27,2.33,2.34,2.31,2.32,2.33,-0.01,-0.43,111649.0,26008.287,2023-08-01
300188.SZ,2017-11-27,18.03,19.0,17.76,18.22,18.02,0.2,1.11,82117.02,151152.505,2023-08-01
300189.SZ,2017-11-27,3.72,3.76,3.7,3.7,3.74,-0.04,-1.07,30320.0,11309.01,2023-08-01
300190.SZ,2017-11-27,12.62,12.76,12.53,12.58,12.63,-0.05,-0.4,11752.7,14871.606,2023-08-01
300191.SZ,2017-11-27,23.13,23.13,22.55,22.88,23.1,-0.22,-0.95,16274.97,37127.049,2023-08-01
300192.SZ,2017-11-27,14.2,14.29,13.8,13.86,14.28,-0.42,-2.94,17569.0,24586.831,2023-08-01
002115.SZ,2017-11-27,10.05,10.22,9.6,9.64,10.03,-0.39,-3.89,87709.51,86249.612,2023-08-01
002116.SZ,2017-11-27,11.18,11.38,11.1,11.16,11.31,-0.15,-1.33,11008.0,12405.113,2023-08-01
002117.SZ,2017-11-27,20.95,21.05,20.73,20.75,20.99,-0.24,-1.14,14249.0,29661.691,2023-08-01
002118.SZ,2017-11-27,7.9,8.26,7.77,7.93,7.99,-0.06,-0.75,241754.67,194021.986,2023-08-01
002119.SZ,2017-11-27,21.47,21.5,20.2,20.22,21.52,-1.3,-6.04,34434.41,72315.143,2023-08-01
002120.SZ,2017-11-27,42.8,43.32,40.13,42.9,42.85,0.05,0.12,20358.79,85023.702,2023-08-01
002121.SZ,2017-11-27,9.63,9.63,9.4,9.45,9.6,-0.15,-1.56,52292.56,49528.15,2023-08-01
002123.SZ,2017-11-27,11.3,11.37,10.96,11.01,11.28,-0.27,-2.39,117212.14,130182.295,2023-08-01
002124.SZ,2017-11-27,9.03,9.15,8.98,9.01,9.03,-0.02,-0.22,18305.0,16570.125,2023-08-01
002125.SZ,2017-11-27,10.32,10.47,10.11,10.13,10.41,-0.28,-2.69,27191.49,27993.248,2023-08-01
002126.SZ,2017-11-27,9.07,9.43,9.06,9.12,9.13,-0.01,-0.11,62542.0,57839.592,2023-08-01
002127.SZ,2017-11-27,11.96,12.3,11.5,11.83,11.88,-0.05,-0.42,109553.46,129759.258,2023-08-01
002128.SZ,2017-11-27,12.0,12.1,11.47,11.5,11.88,-0.38,-3.2,298620.85,352360.123,2023-08-01
601608.SH,2017-11-27,4.45,4.46,4.36,4.36,4.44,-0.08,-1.8,62366.28,27397.335,2023-08-01
601611.SH,2017-11-27,10.47,10.66,10.36,10.38,10.47,-0.09,-0.86,43760.12,45738.314,2023-08-01
601616.SH,2017-11-27,3.83,3.86,3.8,3.83,3.85,-0.02,-0.52,19931.0,7645.803,2023-08-01
601618.SH,2017-11-27,5.02,5.06,5.0,5.03,5.02,0.01,0.2,208222.09,104669.184,2023-08-01
601628.SH,2017-11-27,32.25,32.5,31.63,32.44,32.36,0.08,0.25,223989.03,717787.796,2023-08-01
601633.SH,2017-11-27,11.39,11.46,11.3,11.44,11.39,0.05,0.44,96263.3,109592.473,2023-08-01
601636.SH,2017-11-27,5.59,5.96,5.46,5.52,5.63,-0.11,-1.95,1614768.41,929592.168,2023-08-01
601666.SH,2017-11-27,5.92,6.05,5.88,5.91,5.91,0.0,0.0,406245.28,242822.995,2023-08-01
601668.SH,2017-11-27,9.6,9.72,9.45,9.61,9.63,-0.02,-0.21,2784576.38,2668962.172,2023-08-01
601669.SH,2017-11-27,7.38,7.47,7.32,7.33,7.28,0.05,0.69,195157.93,144196.601,2023-08-01
601677.SH,2017-11-27,13.39,13.88,13.34,13.81,13.39,0.42,3.14,73951.63,100942.068,2023-08-01
601678.SH,2017-11-27,7.53,7.75,7.53,7.65,7.55,0.1,1.32,86783.12,66388.236,2023-08-01
601688.SH,2017-11-27,19.47,19.78,19.38,19.55,19.53,0.02,0.1,446983.52,874866.642,2023-08-01
601689.SH,2017-11-27,24.85,25.1,24.52,24.79,24.95,-0.16,-0.64,13267.14,32971.822,2023-08-01
601699.SH,2017-11-27,10.0,10.37,9.91,10.02,10.0,0.02,0.2,860448.74,872844.389,2023-08-01
601700.SH,2017-11-27,8.0,8.07,7.88,7.9,8.0,-0.1,-1.25,32973.68,26119.046,2023-08-01
601717.SH,2017-11-27,7.55,7.66,7.49,7.59,7.52,0.07,0.93,122222.86,92560.202,2023-08-01
601718.SH,2017-11-27,6.83,6.9,6.83,6.84,6.86,-0.02,-0.29,56066.14,38484.451,2023-08-01
601727.SH,2017-11-27,7.0,7.01,6.87,6.88,7.0,-0.12,-1.71,156309.16,108299.202,2023-08-01
601766.SH,2017-11-27,11.68,12.1,11.47,11.68,11.66,0.02,0.17,2705392.12,3191049.802,2023-08-01
601777.SH,2017-11-27,7.63,7.72,7.55,7.66,7.63,0.03,0.39,52725.13,40299.791,2023-08-01
601929.SH,2017-11-27,3.02,3.04,3.0,3.02,3.02,0.0,0.0,103238.8,31145.602,2023-08-01
601933.SH,2017-11-27,9.72,9.76,9.03,9.06,9.76,-0.7,-7.17,945080.22,885669.926,2023-08-01
601939.SH,2017-11-27,7.26,7.27,7.09,7.19,7.3,-0.11,-1.51,1358863.54,971354.106,2023-08-01
601958.SH,2017-11-27,7.19,7.26,7.05,7.1,7.24,-0.14,-1.93,132544.54,94906.792,2023-08-01
601965.SH,2017-11-27,8.6,8.62,8.47,8.5,8.65,-0.15,-1.73,17437.98,14844.998,2023-08-01
601966.SH,2017-11-27,17.26,17.42,17.12,17.14,17.29,-0.15,-0.87,21681.04,37400.494,2023-08-01
601968.SH,2017-11-27,5.52,5.6,5.52,5.53,5.52,0.01,0.18,22189.66,12342.409,2023-08-01
601969.SH,2017-11-27,9.45,9.5,9.37,9.37,9.45,-0.08,-0.85,17210.0,16213.38,2023-08-01
601985.SH,2017-11-27,7.45,7.52,7.42,7.49,7.48,0.01,0.13,242029.0,181009.827,2023-08-01
601988.SH,2017-11-27,3.99,3.99,3.9,3.95,4.0,-0.05,-1.25,3030619.02,1194590.362,2023-08-01
601989.SH,2017-11-27,6.36,6.46,6.2,6.22,6.37,-0.15,-2.35,953614.01,604601.49,2023-08-01
601991.SH,2017-11-27,4.2,4.23,4.12,4.16,4.22,-0.06,-1.42,164324.02,68363.281,2023-08-01
601992.SH,2017-11-27,5.76,5.93,5.74,5.9,5.76,0.14,2.43,987191.7,580113.847,2023-08-01
601996.SH,2017-11-27,5.2,5.26,5.14,5.18,5.2,-0.02,-0.38,78082.0,40496.669,2023-08-01
601997.SH,2017-11-27,14.69,14.7,14.48,14.49,14.69,-0.2,-1.36,128291.63,186572.767,2023-08-01
601998.SH,2017-11-27,6.32,6.35,6.26,6.34,6.33,0.01,0.16,310019.4,195951.34,2023-08-01
603787.SH,2017-11-27,14.2,14.2,13.5,13.62,14.21,-0.59,-4.15,18581.17,25634.614,2023-08-01
603788.SH,2017-11-27,35.81,36.26,35.51,35.9,35.8,0.1,0.28,6970.0,25081.212,2023-08-01
603789.SH,2017-11-27,12.69,13.12,12.53,12.71,12.63,0.08,0.63,10592.8,13571.017,2023-08-01
603798.SH,2017-11-27,17.38,17.5,17.04,17.19,17.48,-0.29,-1.66,5139.0,8869.925,2023-08-01
603799.SH,2017-11-27,86.0,87.86,78.08,78.56,86.75,-8.19,-9.44,197197.91,1629721.779,2023-08-01
603800.SH,2017-11-27,17.58,17.58,17.24,17.29,17.49,-0.2,-1.14,7160.0,12437.693,2023-08-01
603801.SH,2017-11-27,49.21,49.98,48.0,48.25,49.36,-1.11,-2.25,7957.18,39035.871,2023-08-01
603803.SH,2017-11-27,19.55,19.55,19.1,19.11,19.59,-0.48,-2.45,15462.0,29791.732,2023-08-01
603806.SH,2017-11-27,35.92,36.12,32.51,32.72,35.92,-3.2,-8.91,22019.33,75113.306,2023-08-01
603808.SH,2017-11-27,21.11,21.42,20.89,21.15,21.09,0.06,0.28,12126.68,25669.951,2023-08-01
603076.SH,2017-11-27,40.2,40.88,38.16,38.46,41.72,-3.26,-7.81,45070.1,178192.096,2023-08-01
603816.SH,2017-11-27,54.52,55.79,53.8,54.87,54.83,0.04,0.07,15976.0,87509.591,2023-08-01
603818.SH,2017-11-27,13.1,13.14,12.9,13.05,12.97,0.08,0.62,9759.0,12724.093,2023-08-01
603822.SH,2017-11-27,38.0,39.21,38.0,38.6,37.88,0.72,1.9,11454.64,44400.562,2023-08-01
603828.SH,2017-11-27,9.76,9.85,9.63,9.79,9.8,-0.01,-0.1,9124.24,8862.212,2023-08-01
603833.SH,2017-11-27,112.26,114.99,110.01,110.97,112.5,-1.53,-1.36,8754.15,98392.037,2023-08-01
603838.SH,2017-11-27,12.06,12.15,11.91,11.93,12.08,-0.15,-1.24,8129.0,9774.085,2023-08-01
603909.SH,2017-11-27,29.64,32.52,28.51,32.14,29.56,2.58,8.73,5196.0,15589.219,2023-08-01
603918.SH,2017-11-27,19.58,19.78,19.4,19.46,19.66,-0.2,-1.02,3421.12,6708.058,2023-08-01
603919.SH,2017-11-27,18.85,18.93,18.1,18.19,18.89,-0.7,-3.71,16677.3,30569.341,2023-08-01
603183.SH,2017-11-27,40.0,41.5,39.85,40.18,39.86,0.32,0.8,19040.45,77140.851,2023-08-01
603929.SH,2017-11-27,28.13,28.87,27.27,27.34,28.41,-1.07,-3.77,22762.81,63684.293,2023-08-01
603933.SH,2017-11-27,55.92,55.92,51.08,51.43,56.43,-5.0,-8.86,26848.37,142963.81,2023-08-01
603939.SH,2017-11-27,40.38,41.49,39.4,39.46,40.39,-0.93,-2.3,11085.86,44765.81,2023-08-01
603958.SH,2017-11-27,14.7,14.85,14.52,14.57,14.65,-0.08,-0.55,9488.54,13904.755,2023-08-01
603959.SH,2017-11-27,29.94,30.3,28.95,29.71,30.39,-0.68,-2.24,10127.38,29768.545,2023-08-01
603968.SH,2017-11-27,20.2,20.2,19.91,20.02,20.11,-0.09,-0.45,4772.0,9579.78,2023-08-01
603969.SH,2017-11-27,12.81,13.58,12.73,13.09,12.82,0.27,2.11,73942.63,98172.345,2023-08-01
600879.SH,2017-11-27,7.85,8.07,7.77,7.82,7.87,-0.05,-0.64,180775.68,143203.791,2023-08-01
600880.SH,2017-11-27,5.15,5.19,5.14,5.17,5.17,0.0,0.0,33724.8,17436.355,2023-08-01
600881.SH,2017-11-27,5.51,5.54,5.41,5.45,5.51,-0.06,-1.09,117589.65,64474.404,2023-08-01
600882.SH,2017-11-27,8.69,8.78,8.68,8.73,8.78,-0.05,-0.57,7201.93,6281.334,2023-08-01
600883.SH,2017-11-27,9.78,9.9,9.73,9.75,9.82,-0.07,-0.71,7191.7,7050.453,2023-08-01
600884.SH,2017-11-27,18.81,19.06,18.09,18.21,18.85,-0.64,-3.4,184068.71,342776.69,2023-08-01
600885.SH,2017-11-27,41.3,42.51,41.28,41.81,42.33,-0.52,-1.23,30490.97,127796.441,2023-08-01
600886.SH,2017-11-27,7.75,7.78,7.66,7.76,7.78,-0.02,-0.26,445896.12,344317.677,2023-08-01
600887.SH,2017-11-27,29.65,30.06,28.57,29.97,30.0,-0.03,-0.1,909599.79,2677991.729,2023-08-01
600888.SH,2017-11-27,6.12,6.21,6.05,6.06,6.12,-0.06,-0.98,74079.7,45300.34,2023-08-01
600889.SH,2017-11-27,8.65,8.73,8.5,8.55,8.65,-0.1,-1.16,17931.52,15448.496,2023-08-01
600891.SH,2017-11-27,7.84,7.96,7.74,7.85,7.84,0.01,0.13,9965.09,7837.212,2023-08-01
600892.SH,2017-11-27,10.52,10.56,10.48,10.5,10.49,0.01,0.1,9743.04,10234.681,2023-08-01
600893.SH,2017-11-27,27.7,27.91,26.78,26.81,27.64,-0.83,-3.0,60747.89,165777.927,2023-08-01
600894.SH,2017-11-27,9.74,9.86,9.71,9.78,9.75,0.03,0.31,24128.15,23633.093,2023-08-01
600895.SH,2017-11-27,15.81,15.9,15.68,15.69,15.81,-0.12,-0.76,22703.21,35832.298,2023-08-01
600897.SH,2017-11-27,22.67,22.78,22.3,22.38,22.71,-0.33,-1.45,7309.14,16509.002,2023-08-01
600898.SH,2017-11-27,11.43,11.58,11.03,11.11,11.43,-0.32,-2.8,24494.01,27636.513,2023-08-01
600900.SH,2017-11-27,16.85,16.88,16.49,16.82,16.85,-0.03,-0.18,551953.4,922511.644,2023-08-01
600908.SH,2017-11-27,7.77,7.8,7.61,7.64,7.8,-0.16,-2.05,110368.67,84732.425,2023-08-01
600909.SH,2017-11-27,8.13,8.13,7.99,8.0,8.1,-0.1,-1.23,145594.09,117111.082,2023-08-01
600917.SH,2017-11-27,8.62,8.62,8.5,8.52,8.61,-0.09,-1.05,10561.38,9011.9,2023-08-01
600354.SH,2017-11-27,7.01,7.28,6.98,7.21,6.97,0.24,3.44,155598.95,111311.399,2023-08-01
600355.SH,2017-11-27,8.8,8.87,8.78,8.78,8.78,0.0,0.0,28450.0,25111.344,2023-08-01
600356.SH,2017-11-27,8.46,8.54,8.41,8.44,8.45,-0.01,-0.12,11490.45,9736.979,2023-08-01
600358.SH,2017-11-27,7.1,7.23,7.07,7.1,7.14,-0.04,-0.56,32899.0,23476.654,2023-08-01
600359.SH,2017-11-27,6.69,6.7,6.56,6.61,6.68,-0.07,-1.05,20791.0,13787.576,2023-08-01
600360.SH,2017-11-27,7.31,7.37,7.01,7.05,7.4,-0.35,-4.73,203761.98,145426.906,2023-08-01
600361.SH,2017-11-27,5.11,5.14,5.06,5.07,5.14,-0.07,-1.36,21934.4,11167.772,2023-08-01
600362.SH,2017-11-27,17.53,17.73,17.1,17.18,17.37,-0.19,-1.09,340429.96,596354.595,2023-08-01
600363.SH,2017-11-27,12.45,12.49,12.25,12.29,12.45,-0.16,-1.29,29727.74,36716.684,2023-08-01
600366.SH,2017-11-27,17.38,17.59,16.93,16.96,17.49,-0.53,-3.03,59564.04,102996.907,2023-08-01
600367.SH,2017-11-27,11.13,11.26,10.95,10.99,11.22,-0.23,-2.05,36306.21,40436.499,2023-08-01
600368.SH,2017-11-27,5.3,5.33,5.24,5.29,5.29,0.0,0.0,34387.98,18212.781,2023-08-01
600369.SH,2017-11-27,5.12,5.18,5.08,5.15,5.13,0.02,0.39,108897.35,55833.181,2023-08-01
600370.SH,2017-11-27,3.26,3.27,3.21,3.22,3.26,-0.04,-1.23,37543.5,12194.68,2023-08-01
600371.SH,2017-11-27,10.5,10.66,10.41,10.54,10.49,0.05,0.48,5869.84,6177.065,2023-08-01
600372.SH,2017-11-27,14.2,14.51,14.07,14.15,14.27,-0.12,-0.84,27626.65,39414.202,2023-08-01
600373.SH,2017-11-27,18.71,18.97,18.69,18.9,18.8,0.1,0.53,41474.88,78114.831,2023-08-01
600375.SH,2017-11-27,5.51,5.55,5.44,5.47,5.51,-0.04,-0.73,31456.0,17273.733,2023-08-01
600376.SH,2017-11-27,10.16,10.22,10.11,10.14,10.16,-0.02,-0.2,17273.27,17548.962,2023-08-01
600377.SH,2017-11-27,9.59,9.63,9.58,9.61,9.62,-0.01,-0.1,38882.27,37309.866,2023-08-01
600379.SH,2017-11-27,11.15,11.29,10.8,10.92,11.2,-0.28,-2.5,10060.0,11118.816,2023-08-01
600380.SH,2017-11-27,11.83,12.02,11.46,11.82,11.81,0.01,0.08,288657.27,339442.772,2023-08-01
600381.SH,2017-11-27,10.45,10.48,10.28,10.31,10.45,-0.14,-1.34,15648.16,16217.018,2023-08-01
300038.SZ,2017-11-27,36.37,36.55,35.2,35.2,36.15,-0.95,-2.63,37502.4,134733.285,2023-08-01
300039.SZ,2017-11-27,6.44,6.56,6.41,6.47,6.43,0.04,0.62,39436.08,25562.267,2023-08-01
300040.SZ,2017-11-27,10.26,10.44,9.98,10.0,10.3,-0.3,-2.91,43834.0,44712.815,2023-08-01
300041.SZ,2017-11-27,10.1,10.24,9.9,10.04,10.05,-0.01,-0.1,33360.0,33584.59,2023-08-01
300042.SZ,2017-11-27,32.66,33.36,32.07,32.45,32.7,-0.25,-0.76,1551.0,5096.024,2023-08-01
300043.SZ,2017-11-27,6.93,6.98,6.87,6.89,6.92,-0.03,-0.43,23041.49,15951.907,2023-08-01
300044.SZ,2017-11-27,17.21,17.37,16.96,17.01,17.17,-0.16,-0.93,42109.58,72197.903,2023-08-01
300045.SZ,2017-11-27,11.89,12.3,11.73,11.92,11.93,-0.01,-0.08,58948.97,70687.663,2023-08-01
300046.SZ,2017-11-27,20.55,20.6,19.03,19.03,21.14,-2.11,-9.98,95395.24,186068.163,2023-08-01
300047.SZ,2017-11-27,11.58,11.64,11.37,11.46,11.56,-0.1,-0.87,25876.29,29773.477,2023-08-01
300048.SZ,2017-11-27,4.25,4.29,4.15,4.24,4.2,0.04,0.95,47976.38,20259.076,2023-08-01
300049.SZ,2017-11-27,13.94,13.98,13.53,13.53,13.89,-0.36,-2.59,9988.0,13687.312,2023-08-01
300050.SZ,2017-11-27,7.89,7.98,7.74,7.87,7.89,-0.02,-0.25,59423.24,46840.437,2023-08-01
300051.SZ,2017-11-27,9.49,9.59,9.33,9.43,9.4,0.03,0.32,34254.0,32510.619,2023-08-01
300052.SZ,2017-11-27,13.92,14.39,13.71,14.1,13.92,0.18,1.29,53516.71,75611.756,2023-08-01
300053.SZ,2017-11-27,13.72,14.03,13.38,13.38,13.93,-0.55,-3.95,129443.42,177279.872,2023-08-01
300054.SZ,2017-11-27,11.06,11.48,10.42,10.45,11.15,-0.7,-6.28,155073.59,170948.057,2023-08-01
300055.SZ,2017-11-27,20.66,21.5,20.3,20.3,20.76,-0.46,-2.22,254967.6,535332.785,2023-08-01
300056.SZ,2017-11-27,8.86,8.95,8.67,8.71,8.88,-0.17,-1.91,36820.02,32483.535,2023-08-01
300057.SZ,2017-11-27,11.0,11.08,10.53,10.53,11.05,-0.52,-4.71,13779.0,14934.881,2023-08-01
600400.SH,2017-11-27,6.98,7.21,6.93,7.2,7.02,0.18,2.56,100953.77,72087.159,2023-08-01
600401.SH,2017-11-27,1.16,1.19,1.14,1.17,1.17,0.0,0.0,499332.65,58075.865,2023-08-01
600405.SH,2017-11-27,6.78,6.86,6.78,6.81,6.83,-0.02,-0.29,24273.19,16563.416,2023-08-01
600406.SH,2017-11-27,19.8,19.83,19.24,19.76,19.73,0.03,0.15,204569.98,400647.126,2023-08-01
600409.SH,2017-11-27,10.2,10.45,10.1,10.13,10.24,-0.11,-1.07,284971.21,293362.157,2023-08-01
600410.SH,2017-11-27,9.43,9.77,9.36,9.46,9.3,0.16,1.72,164841.37,157664.954,2023-08-01
600415.SH,2017-11-27,6.27,6.31,6.25,6.3,6.29,0.01,0.16,97393.78,61254.461,2023-08-01
600416.SH,2017-11-27,12.92,13.3,12.71,13.05,12.96,0.09,0.69,110454.74,144123.494,2023-08-01
600418.SH,2017-11-27,9.12,9.37,9.08,9.23,9.1,0.13,1.43,125587.2,115827.559,2023-08-01
600419.SH,2017-11-27,50.61,50.98,48.8,49.12,50.28,-1.16,-2.31,3950.59,19706.854,2023-08-01
600420.SH,2017-11-27,12.52,12.59,12.46,12.51,12.5,0.01,0.08,20372.23,25482.855,2023-08-01
600421.SH,2017-11-27,12.39,12.55,12.2,12.49,12.51,-0.02,-0.16,5983.0,7438.817,2023-08-01
600546.SH,2017-11-27,4.31,4.42,4.27,4.34,4.29,0.05,1.17,156294.69,68032.599,2023-08-01
600547.SH,2017-11-27,31.0,31.27,30.31,31.23,31.16,0.07,0.22,163851.32,505375.446,2023-08-01
600548.SH,2017-11-27,9.35,9.6,9.25,9.34,9.35,-0.01,-0.11,16351.15,15264.308,2023-08-01
600549.SH,2017-11-27,24.2,24.65,23.55,23.73,24.47,-0.74,-3.02,189079.94,457196.626,2023-08-01
600550.SH,2017-11-27,6.78,7.08,6.78,6.88,6.8,0.08,1.18,172219.1,119455.59,2023-08-01
600551.SH,2017-11-27,12.29,12.38,12.02,12.09,12.29,-0.2,-1.63,17400.36,21312.64,2023-08-01
600552.SH,2017-11-27,7.64,7.67,7.49,7.52,7.64,-0.12,-1.57,22813.8,17209.097,2023-08-01
600555.SH,2017-11-27,5.0,5.09,4.97,5.06,5.01,0.05,1.0,55118.79,27727.971,2023-08-01
600556.SH,2017-11-27,7.17,7.33,7.11,7.25,7.18,0.07,0.97,45893.0,33176.959,2023-08-01
600557.SH,2017-11-27,14.36,14.44,14.26,14.42,14.35,0.07,0.49,23821.15,34189.884,2023-08-01
600558.SH,2017-11-27,6.04,6.07,5.9,5.95,6.03,-0.08,-1.33,59053.01,35275.406,2023-08-01
600559.SH,2017-11-27,31.52,33.19,31.05,32.0,31.53,0.47,1.49,111396.2,358487.862,2023-08-01
600560.SH,2017-11-27,10.55,10.64,10.44,10.48,10.54,-0.06,-0.57,9625.02,10134.406,2023-08-01
600561.SH,2017-11-27,8.31,8.39,8.3,8.34,8.3,0.04,0.48,12533.1,10445.746,2023-08-01
600562.SH,2017-11-27,24.4,25.85,24.3,24.97,24.43,0.54,2.21,38736.69,97888.821,2023-08-01
600563.SH,2017-11-27,47.2,47.2,46.02,46.67,47.06,-0.39,-0.83,20647.38,96416.637,2023-08-01
600565.SH,2017-11-27,4.37,4.4,4.36,4.37,4.36,0.01,0.23,146484.58,64152.713,2023-08-01
600567.SH,2017-11-27,4.26,4.27,4.22,4.23,4.27,-0.04,-0.94,283636.63,120399.269,2023-08-01
600568.SH,2017-11-27,7.05,7.05,6.89,6.99,7.02,-0.03,-0.43,57440.8,40165.781,2023-08-01
600569.SH,2017-11-27,4.45,4.54,4.4,4.44,4.39,0.05,1.14,675280.94,302454.506,2023-08-01
600570.SH,2017-11-27,49.33,50.39,47.85,48.33,48.99,-0.66,-1.35,124886.49,613052.002,2023-08-01
601001.SH,2017-11-27,6.08,6.18,6.05,6.09,6.09,0.0,0.0,115649.66,70698.368,2023-08-01
601002.SH,2017-11-27,9.62,10.07,9.57,9.65,9.5,0.15,1.58,292950.14,287325.681,2023-08-01
601006.SH,2017-11-27,8.94,9.04,8.79,9.02,9.02,0.0,0.0,762013.37,679468.677,2023-08-01
601007.SH,2017-11-27,10.33,10.37,10.17,10.2,10.33,-0.13,-1.26,11368.0,11670.611,2023-08-01
601008.SH,2017-11-27,5.17,5.23,5.11,5.16,5.15,0.01,0.19,56915.7,29424.829,2023-08-01
600697.SH,2017-11-27,25.45,25.79,25.37,25.4,25.64,-0.24,-0.94,6578.13,16844.725,2023-08-01
600698.SH,2017-11-27,6.9,7.1,6.8,6.93,6.89,0.04,0.58,96544.3,67099.28,2023-08-01
600699.SH,2017-11-27,36.39,37.09,35.81,36.2,36.71,-0.51,-1.39,121912.87,443107.114,2023-08-01
600702.SH,2017-11-27,41.0,43.15,40.0,41.59,41.55,0.04,0.1,82415.74,344195.074,2023-08-01
600703.SH,2017-11-27,25.05,25.12,24.09,24.53,24.91,-0.38,-1.53,386747.31,949423.136,2023-08-01
600704.SH,2017-11-27,7.34,7.39,7.19,7.2,7.34,-0.14,-1.91,137964.35,100463.721,2023-08-01
600705.SH,2017-11-27,6.22,6.35,6.18,6.26,6.25,0.01,0.16,560269.77,349792.247,2023-08-01
600706.SH,2017-11-27,18.5,18.64,18.05,18.19,18.65,-0.46,-2.47,18981.78,34632.502,2023-08-01
600707.SH,2017-11-27,7.2,7.29,7.14,7.16,7.2,-0.04,-0.56,22984.0,16562.168,2023-08-01
600708.SH,2017-11-27,7.04,7.09,7.0,7.04,7.07,-0.03,-0.42,42386.83,29866.215,2023-08-01
600711.SH,2017-11-27,8.54,8.54,8.18,8.24,8.56,-0.32,-3.74,572107.31,477482.302,2023-08-01
600712.SH,2017-11-27,7.66,7.8,7.64,7.67,7.75,-0.08,-1.03,4724.47,3654.034,2023-08-01
600713.SH,2017-11-27,6.41,6.44,6.33,6.35,6.4,-0.05,-0.78,22348.09,14254.899,2023-08-01
600714.SH,2017-11-27,9.67,9.85,9.62,9.71,9.7,0.01,0.1,13481.71,13142.9,2023-08-01
600716.SH,2017-11-27,5.45,5.51,5.4,5.47,5.45,0.02,0.37,56011.85,30615.178,2023-08-01
600717.SH,2017-11-27,10.74,10.85,10.64,10.69,10.69,0.0,0.0,63183.74,67815.149,2023-08-01
600718.SH,2017-11-27,15.1,15.25,15.02,15.04,15.19,-0.15,-0.99,47466.55,71784.499,2023-08-01
600719.SH,2017-11-27,6.15,6.22,5.85,6.03,6.19,-0.16,-2.58,48138.38,28752.86,2023-08-01
600111.SH,2017-11-27,13.8,14.25,13.64,13.77,13.99,-0.22,-1.57,841279.24,1175056.828,2023-08-01
600112.SH,2017-11-27,6.03,6.2,6.03,6.03,6.35,-0.32,-5.04,250858.63,152141.349,2023-08-01
600113.SH,2017-11-27,10.46,10.55,10.3,10.41,10.36,0.05,0.48,17518.3,18259.648,2023-08-01
600114.SH,2017-11-27,16.4,16.45,16.15,16.23,16.42,-0.19,-1.16,17836.08,29016.541,2023-08-01
600115.SH,2017-11-27,7.48,7.62,7.12,7.25,7.59,-0.34,-4.48,1584810.17,1168613.013,2023-08-01
600116.SH,2017-11-27,8.12,8.16,8.05,8.07,8.12,-0.05,-0.62,37321.22,30130.471,2023-08-01
600117.SH,2017-11-27,5.35,5.38,5.22,5.23,5.26,-0.03,-0.57,107193.72,56953.229,2023-08-01
600118.SH,2017-11-27,25.86,25.99,25.44,25.48,25.86,-0.38,-1.47,42364.25,108439.843,2023-08-01
600119.SH,2017-11-27,13.62,13.9,13.49,13.73,13.61,0.12,0.88,41432.51,56760.21,2023-08-01
600120.SH,2017-11-27,24.95,25.11,24.65,25.09,25.01,0.08,0.32,29644.4,73964.712,2023-08-01
600122.SH,2017-11-27,9.23,9.38,9.22,9.3,9.28,0.02,0.22,72747.37,67713.421,2023-08-01
600123.SH,2017-11-27,8.53,8.65,8.45,8.52,8.52,0.0,0.0,166276.74,142382.596,2023-08-01
600125.SH,2017-11-27,10.06,10.12,9.79,9.81,10.0,-0.19,-1.9,196914.05,195410.509,2023-08-01
600126.SH,2017-11-27,6.84,6.92,6.79,6.8,6.79,0.01,0.15,55579.98,38131.525,2023-08-01
600222.SH,2017-11-27,5.34,5.35,5.25,5.3,5.32,-0.02,-0.38,18961.12,10044.603,2023-08-01
600223.SH,2017-11-27,4.01,4.01,3.9,3.96,3.99,-0.03,-0.75,31456.14,12389.12,2023-08-01
600225.SH,2017-11-27,5.0,5.09,4.99,5.02,5.01,0.01,0.2,18200.1,9159.02,2023-08-01
600226.SH,2017-11-27,6.23,6.23,5.91,5.93,6.19,-0.26,-4.2,81306.13,49348.679,2023-08-01
600228.SH,2017-11-27,13.28,13.67,13.25,13.55,13.18,0.37,2.81,19023.01,25576.059,2023-08-01
600229.SH,2017-11-27,7.92,8.0,7.85,7.89,7.92,-0.03,-0.38,18076.35,14326.382,2023-08-01
600230.SH,2017-11-27,45.69,46.2,44.58,44.85,45.89,-1.04,-2.27,72563.55,328504.775,2023-08-01
600231.SH,2017-11-27,5.5,5.8,5.46,5.72,5.4,0.32,5.93,765707.59,433376.615,2023-08-01
600232.SH,2017-11-27,7.74,7.79,7.5,7.64,7.76,-0.12,-1.55,14307.5,10980.594,2023-08-01
600233.SH,2017-11-27,16.84,17.06,16.84,16.96,16.82,0.14,0.83,29392.84,49815.266,2023-08-01
600234.SH,2017-11-27,15.68,15.84,15.6,15.83,15.68,0.15,0.96,4688.41,7390.269,2023-08-01
600235.SH,2017-11-27,6.87,6.96,6.87,6.92,6.94,-0.02,-0.29,9009.57,6239.442,2023-08-01
600236.SH,2017-11-27,5.67,5.68,5.57,5.6,5.66,-0.06,-1.06,71828.86,40356.457,2023-08-01
600237.SH,2017-11-27,5.36,5.37,5.26,5.29,5.32,-0.03,-0.56,46138.02,24522.455,2023-08-01
600238.SH,2017-11-27,8.58,8.59,8.28,8.31,8.58,-0.27,-3.15,12588.0,10580.963,2023-08-01
600240.SH,2017-11-27,8.9,9.02,8.89,8.92,8.97,-0.05,-0.56,32377.49,28994.268,2023-08-01
600241.SH,2017-11-27,10.82,10.85,10.65,10.74,10.81,-0.07,-0.65,7037.43,7570.637,2023-08-01
600243.SH,2017-11-27,6.97,7.03,6.9,6.94,7.01,-0.07,-1.0,12235.0,8527.732,2023-08-01
600246.SH,2017-11-27,3.92,3.94,3.87,3.92,3.92,0.0,0.0,22984.2,8987.692,2023-08-01
300671.SZ,2017-11-27,42.42,43.41,40.6,41.43,42.33,-0.9,-2.13,32499.71,135517.002,2023-08-01
300672.SZ,2017-11-27,64.0,64.3,60.51,60.51,67.23,-6.72,-10.0,37554.99,232279.623,2023-08-01
300673.SZ,2017-11-27,43.66,43.88,42.33,42.42,42.82,-0.4,-0.93,7085.0,30501.279,2023-08-01
300675.SZ,2017-11-27,30.47,32.49,29.93,30.61,30.4,0.21,0.69,52554.32,164282.347,2023-08-01
300676.SZ,2017-11-27,194.0,205.56,187.37,190.81,208.19,-17.38,-8.35,74274.41,1445781.284,2023-08-01
300677.SZ,2017-11-27,54.66,55.5,52.78,53.07,54.96,-1.89,-3.44,21273.6,115332.471,2023-08-01
300678.SZ,2017-11-27,67.81,67.82,60.14,60.14,66.82,-6.68,-10.0,41438.24,261386.25,2023-08-01
300679.SZ,2017-11-27,105.77,107.0,103.89,103.89,106.3,-2.41,-2.27,9964.0,105090.953,2023-08-01
300681.SZ,2017-11-27,55.15,55.66,52.0,52.87,55.0,-2.13,-3.87,9114.0,49449.524,2023-08-01
300682.SZ,2017-11-27,19.75,19.99,19.02,19.11,19.64,-0.53,-2.7,12646.19,24753.344,2023-08-01
300683.SZ,2017-11-27,62.51,62.59,56.8,56.91,62.75,-5.84,-9.31,25714.22,152436.595,2023-08-01
300685.SZ,2017-11-27,93.7,95.0,87.87,88.43,93.38,-4.95,-5.3,12774.34,116080.008,2023-08-01
300686.SZ,2017-11-27,22.97,23.25,22.0,22.31,22.99,-0.68,-2.96,9775.38,22196.09,2023-08-01
300688.SZ,2017-11-27,57.92,58.9,53.28,53.68,57.55,-3.87,-6.72,12212.55,69165.194,2023-08-01
300689.SZ,2017-11-27,45.9,46.82,43.8,43.83,46.18,-2.35,-5.09,12482.0,56416.925,2023-08-01
300690.SZ,2017-11-27,63.99,64.63,59.5,59.89,64.22,-4.33,-6.74,14850.0,92047.496,2023-08-01
300691.SZ,2017-11-27,81.9,83.15,78.06,78.12,82.1,-3.98,-4.85,21581.93,173680.714,2023-08-01
300692.SZ,2017-11-27,35.7,35.71,34.08,34.19,35.7,-1.51,-4.23,28030.42,97411.011,2023-08-01
300693.SZ,2017-11-27,38.36,39.66,38.33,38.58,38.4,0.18,0.47,10794.76,42039.29,2023-08-01
300695.SZ,2017-11-27,104.97,104.97,99.01,99.97,105.45,-5.48,-5.2,10432.23,106262.511,2023-08-01
300696.SZ,2017-11-27,75.48,75.48,68.03,68.11,75.58,-7.47,-9.88,17472.87,125969.001,2023-08-01
300081.SZ,2017-11-27,11.56,11.56,11.0,11.52,11.56,-0.04,-0.35,36525.5,41743.15,2023-08-01
300082.SZ,2017-11-27,6.8,6.88,6.75,6.79,6.76,0.03,0.44,22888.0,15593.186,2023-08-01
300083.SZ,2017-11-27,7.48,7.63,7.41,7.51,7.45,0.06,0.81,159429.28,120539.835,2023-08-01
300084.SZ,2017-11-27,7.27,7.3,7.1,7.26,7.37,-0.11,-1.49,67613.03,48894.983,2023-08-01
300086.SZ,2017-11-27,12.44,12.6,12.35,12.35,12.48,-0.13,-1.04,20828.85,25990.172,2023-08-01
300087.SZ,2017-11-27,10.77,10.77,10.49,10.64,10.77,-0.13,-1.21,7968.35,8458.119,2023-08-01
300088.SZ,2017-11-27,8.56,8.71,8.35,8.44,8.48,-0.04,-0.47,544600.29,463390.351,2023-08-01
300089.SZ,2017-11-27,8.73,8.93,8.66,8.75,8.76,-0.01,-0.11,41725.5,36685.692,2023-08-01
300090.SZ,2017-11-27,10.3,10.45,10.1,10.39,10.2,0.19,1.86,72684.9,74954.146,2023-08-01
300092.SZ,2017-11-27,8.67,8.78,8.58,8.64,8.67,-0.03,-0.35,13033.1,11346.533,2023-08-01
300093.SZ,2017-11-27,12.15,12.3,11.78,11.8,12.15,-0.35,-2.88,24276.0,29071.835,2023-08-01
300094.SZ,2017-11-27,6.68,6.73,6.6,6.7,6.74,-0.04,-0.59,34873.9,23239.572,2023-08-01
300095.SZ,2017-11-27,8.49,8.5,8.25,8.27,8.5,-0.23,-2.71,13300.5,11126.362,2023-08-01
300096.SZ,2017-11-27,13.35,13.53,13.12,13.3,13.48,-0.18,-1.34,59353.35,79211.648,2023-08-01
300097.SZ,2017-11-27,32.55,33.95,32.1,33.35,32.85,0.5,1.52,52023.86,173618.183,2023-08-01
300098.SZ,2017-11-27,12.63,12.74,12.28,12.28,12.6,-0.32,-2.54,75892.55,94986.573,2023-08-01
300099.SZ,2017-11-27,6.32,6.42,6.29,6.35,6.36,-0.01,-0.16,24228.35,15389.248,2023-08-01
300334.SZ,2017-11-27,15.33,15.94,15.3,15.46,15.3,0.16,1.05,85263.49,133164.991,2023-08-01
300335.SZ,2017-11-27,19.08,19.46,18.83,19.04,19.04,0.0,0.0,54453.4,104345.602,2023-08-01
300336.SZ,2017-11-27,12.54,12.57,12.27,12.36,12.54,-0.18,-1.44,25702.88,31915.977,2023-08-01
300337.SZ,2017-11-27,8.7,8.7,8.48,8.52,8.68,-0.16,-1.84,15155.6,12947.026,2023-08-01
300338.SZ,2017-11-27,19.35,20.39,19.35,20.01,20.1,-0.09,-0.45,12246.45,24466.496,2023-08-01
300339.SZ,2017-11-27,10.65,10.74,10.52,10.6,10.64,-0.04,-0.38,32604.0,34675.171,2023-08-01
300340.SZ,2017-11-27,61.5,63.17,58.3,59.16,62.28,-3.12,-5.01,25486.62,156453.536,2023-08-01
300341.SZ,2017-11-27,7.11,7.18,7.07,7.07,7.12,-0.05,-0.7,9202.0,6552.775,2023-08-01
300342.SZ,2017-11-27,15.21,15.21,14.63,14.65,15.18,-0.53,-3.49,13320.65,19722.674,2023-08-01
300343.SZ,2017-11-27,13.81,14.0,13.61,13.72,13.81,-0.09,-0.65,26198.23,36146.099,2023-08-01
300345.SZ,2017-11-27,7.26,7.85,7.2,7.58,7.26,0.32,4.41,301703.03,228607.363,2023-08-01
300346.SZ,2017-11-27,26.09,26.09,25.2,25.44,26.23,-0.79,-3.01,20518.95,52689.997,2023-08-01
300347.SZ,2017-11-27,31.45,31.94,29.52,30.01,31.73,-1.72,-5.42,24189.18,74317.569,2023-08-01
300348.SZ,2017-11-27,16.25,16.68,16.25,16.4,16.38,0.02,0.12,14786.32,24341.843,2023-08-01
300349.SZ,2017-11-27,31.01,31.72,30.61,31.33,31.0,0.33,1.06,13551.37,42421.557,2023-08-01
300350.SZ,2017-11-27,9.21,9.43,9.16,9.23,9.25,-0.02,-0.22,27423.98,25526.602,2023-08-01
300351.SZ,2017-11-27,16.2,16.57,16.12,16.15,16.09,0.06,0.37,18498.85,30225.307,2023-08-01
300352.SZ,2017-11-27,4.41,4.43,4.28,4.29,4.45,-0.16,-3.6,160495.72,69615.865,2023-08-01
300353.SZ,2017-11-27,14.7,14.97,14.31,14.35,14.8,-0.45,-3.04,37599.62,55082.423,2023-08-01
300393.SZ,2017-11-27,41.44,41.44,39.87,40.51,41.47,-0.96,-2.31,15367.5,62248.505,2023-08-01
300394.SZ,2017-11-27,25.95,26.15,23.66,23.86,26.27,-2.41,-9.17,26042.5,65095.576,2023-08-01
300395.SZ,2017-11-27,17.22,17.27,16.01,16.37,17.22,-0.85,-4.94,60318.89,99884.037,2023-08-01
300396.SZ,2017-11-27,39.97,40.25,39.8,40.16,40.1,0.06,0.15,3089.01,12358.576,2023-08-01
300397.SZ,2017-11-27,19.17,19.5,19.01,19.04,19.07,-0.03,-0.16,19275.2,37015.109,2023-08-01
300398.SZ,2017-11-27,20.95,21.71,20.95,21.11,20.95,0.16,0.76,25776.12,55091.364,2023-08-01
300399.SZ,2017-11-27,21.0,21.45,20.2,20.46,20.73,-0.27,-1.3,29930.98,62626.437,2023-08-01
300400.SZ,2017-11-27,14.31,14.56,14.24,14.25,14.31,-0.06,-0.42,10600.0,15219.116,2023-08-01
300401.SZ,2017-11-27,41.43,43.2,41.43,42.5,42.78,-0.28,-0.65,21419.37,90711.601,2023-08-01
300449.SZ,2017-11-27,23.48,23.48,22.7,22.72,23.61,-0.89,-3.77,8131.0,18726.409,2023-08-01
300450.SZ,2017-11-27,68.68,69.6,62.68,63.01,68.7,-5.69,-8.28,38363.11,252734.981,2023-08-01
300451.SZ,2017-11-27,25.45,25.45,24.1,24.14,25.16,-1.02,-4.05,9047.0,22351.407,2023-08-01
300452.SZ,2017-11-27,32.01,32.12,29.62,30.26,31.86,-1.6,-5.02,19901.99,60549.084,2023-08-01
300453.SZ,2017-11-27,16.79,17.03,16.68,17.0,16.79,0.21,1.25,4648.37,7848.751,2023-08-01
300456.SZ,2017-11-27,43.95,43.95,41.0,41.1,44.03,-2.93,-6.65,15680.0,66314.971,2023-08-01
300457.SZ,2017-11-27,29.48,29.68,27.11,27.65,29.18,-1.53,-5.24,37871.62,109003.636,2023-08-01
300458.SZ,2017-11-27,28.71,28.87,25.86,25.88,28.71,-2.83,-9.86,109819.47,298237.898,2023-08-01
300459.SZ,2017-11-27,11.19,11.95,11.19,11.45,11.13,0.32,2.88,87528.25,101566.93,2023-08-01
300460.SZ,2017-11-27,14.02,14.14,13.68,13.69,14.06,-0.37,-2.63,3879.2,5387.073,2023-08-01
300461.SZ,2017-11-27,73.51,74.38,72.75,72.87,72.9,-0.03,-0.04,2156.0,15880.931,2023-08-01
300462.SZ,2017-11-27,34.0,34.9,32.16,32.22,34.14,-1.92,-5.62,25604.0,85665.423,2023-08-01
002304.SZ,2017-11-27,111.5,111.5,106.3,108.73,112.09,-3.36,-3.0,69529.48,750608.351,2023-08-01
002305.SZ,2017-11-27,4.56,4.7,4.47,4.59,4.57,0.02,0.44,136882.04,63003.671,2023-08-01
002306.SZ,2017-11-27,4.48,4.57,4.45,4.49,4.51,-0.02,-0.44,43934.0,19795.649,2023-08-01
002307.SZ,2017-11-27,10.99,11.93,10.84,11.6,10.89,0.71,6.52,209584.24,241082.18,2023-08-01
002308.SZ,2017-11-27,11.55,11.76,11.1,11.38,11.77,-0.39,-3.31,90426.66,102622.511,2023-08-01
002309.SZ,2017-11-27,14.09,14.27,14.02,14.11,14.1,0.01,0.07,22264.8,31477.996,2023-08-01
002310.SZ,2017-11-27,20.07,20.19,19.66,19.71,20.16,-0.45,-2.23,130274.39,258232.002,2023-08-01
002311.SZ,2017-11-27,21.1,21.1,19.81,19.81,20.96,-1.15,-5.49,52622.56,106784.475,2023-08-01
002313.SZ,2017-11-27,27.2,27.2,25.88,26.94,27.3,-0.36,-1.32,77659.62,205032.206,2023-08-01
002314.SZ,2017-11-27,5.86,5.86,5.77,5.78,5.86,-0.08,-1.37,36196.32,20994.529,2023-08-01
002315.SZ,2017-11-27,24.1,24.39,23.83,23.95,24.17,-0.22,-0.91,14503.24,34975.331,2023-08-01
002316.SZ,2017-11-27,11.72,11.84,11.56,11.8,11.8,0.0,0.0,16693.24,19543.166,2023-08-01
002317.SZ,2017-11-27,11.86,11.97,11.78,11.88,11.94,-0.06,-0.5,40634.0,48186.572,2023-08-01
002318.SZ,2017-11-27,7.78,7.86,7.72,7.74,7.78,-0.04,-0.51,59130.96,46112.043,2023-08-01
002319.SZ,2017-11-27,16.66,16.8,16.09,16.27,16.91,-0.64,-3.78,34483.25,56406.1,2023-08-01
002320.SZ,2017-11-27,18.9,19.15,18.6,18.76,18.7,0.06,0.32,36944.11,69703.842,2023-08-01
002321.SZ,2017-11-27,12.89,13.0,12.79,12.79,12.92,-0.13,-1.01,57375.2,73952.72,2023-08-01
002322.SZ,2017-11-27,19.97,20.02,19.78,19.92,19.97,-0.05,-0.25,11400.22,22685.895,2023-08-01
002323.SZ,2017-11-27,9.21,9.46,9.05,9.08,9.27,-0.19,-2.05,102740.0,95129.346,2023-08-01
002324.SZ,2017-11-27,24.97,25.0,24.63,24.95,24.99,-0.04,-0.16,4644.55,11536.509,2023-08-01
002325.SZ,2017-11-27,5.07,5.07,4.98,5.05,5.04,0.01,0.2,56089.8,28243.824,2023-08-01
603601.SH,2017-11-27,14.6,14.6,14.18,14.26,14.6,-0.34,-2.33,14559.86,20881.196,2023-08-01
603603.SH,2017-11-27,37.0,37.97,36.4,37.46,36.42,1.04,2.86,27967.67,104375.181,2023-08-01
603606.SH,2017-11-27,11.41,11.62,11.36,11.52,11.4,0.12,1.05,6732.67,7764.87,2023-08-01
603608.SH,2017-11-27,10.42,10.5,10.3,10.38,10.4,-0.02,-0.19,10487.8,10895.994,2023-08-01
603611.SH,2017-11-27,22.3,22.99,22.06,22.22,21.66,0.56,2.59,9485.65,21335.909,2023-08-01
603612.SH,2017-11-27,53.89,53.96,48.98,49.02,54.42,-5.4,-9.92,59250.65,307872.447,2023-08-01
603616.SH,2017-11-27,16.26,17.35,16.26,16.86,16.24,0.62,3.82,99666.81,168463.562,2023-08-01
603618.SH,2017-11-27,9.45,9.53,9.01,9.02,9.35,-0.33,-3.53,53767.57,49812.317,2023-08-01
603626.SH,2017-11-27,34.89,35.17,32.81,33.31,34.89,-1.58,-4.53,61632.07,208309.641,2023-08-01
603628.SH,2017-11-27,15.85,15.99,15.53,15.57,15.79,-0.22,-1.39,22367.0,35216.908,2023-08-01
603636.SH,2017-11-27,10.57,10.63,10.35,10.35,10.61,-0.26,-2.45,22672.48,23634.3,2023-08-01
002066.SZ,2017-11-27,11.04,11.18,10.71,10.85,11.17,-0.32,-2.86,20982.2,22784.373,2023-08-01
002067.SZ,2017-11-27,5.87,5.91,5.81,5.81,5.87,-0.06,-1.02,87461.61,51303.275,2023-08-01
002068.SZ,2017-11-27,10.35,10.46,10.2,10.39,10.4,-0.01,-0.1,76072.27,78784.014,2023-08-01
002069.SZ,2017-11-27,7.82,7.82,7.74,7.78,7.82,-0.04,-0.51,14838.1,11546.03,2023-08-01
002070.SZ,2017-11-27,4.72,4.72,4.72,4.72,4.97,-0.25,-5.03,3956.0,1867.232,2023-08-01
002071.SZ,2017-11-27,9.16,9.16,8.88,9.04,9.18,-0.14,-1.53,41816.64,37742.223,2023-08-01
002072.SZ,2017-11-27,29.89,30.26,29.6,30.09,29.97,0.12,0.4,59831.33,179649.088,2023-08-01
002073.SZ,2017-11-27,7.73,7.81,7.67,7.8,7.77,0.03,0.39,51927.66,40172.978,2023-08-01
002074.SZ,2017-11-27,25.6,25.87,23.8,24.08,25.98,-1.9,-7.31,163827.22,404853.439,2023-08-01
002076.SZ,2017-11-27,5.5,5.5,5.24,5.27,5.52,-0.25,-4.53,75517.0,40335.807,2023-08-01
002077.SZ,2017-11-27,14.48,14.65,13.1,13.46,14.54,-1.08,-7.43,64990.08,89389.93,2023-08-01
002078.SZ,2017-11-27,8.25,8.49,8.22,8.36,8.29,0.07,0.84,198962.84,166749.063,2023-08-01
002079.SZ,2017-11-27,8.78,8.85,8.21,8.23,8.92,-0.69,-7.74,310443.75,266593.898,2023-08-01
002080.SZ,2017-11-27,23.27,24.13,23.27,23.36,23.56,-0.2,-0.85,32395.86,76978.403,2023-08-01
002081.SZ,2017-11-27,14.99,15.18,14.5,14.77,15.18,-0.41,-2.7,346097.35,509795.256,2023-08-01
002082.SZ,2017-11-27,14.3,14.3,13.98,14.2,14.31,-0.11,-0.77,29192.36,41182.532,2023-08-01
002083.SZ,2017-11-27,6.35,6.39,6.3,6.35,6.35,0.0,0.0,34737.0,22056.152,2023-08-01
002084.SZ,2017-11-27,7.05,7.1,6.84,6.89,7.05,-0.16,-2.27,24452.0,17073.454,2023-08-01
002085.SZ,2017-11-27,17.19,17.24,16.9,17.16,17.19,-0.03,-0.17,38184.7,64988.024,2023-08-01
002086.SZ,2017-11-27,11.99,12.21,11.82,11.99,12.1,-0.11,-0.91,92655.02,111515.44,2023-08-01
002087.SZ,2017-11-27,6.72,6.74,6.47,6.58,6.77,-0.19,-2.81,423848.75,278843.636,2023-08-01
002088.SZ,2017-11-27,12.25,12.43,12.06,12.12,12.23,-0.11,-0.9,18062.28,22041.073,2023-08-01
002089.SZ,2017-11-27,5.75,5.8,5.65,5.72,5.74,-0.02,-0.35,84178.46,48114.063,2023-08-01
002090.SZ,2017-11-27,22.12,22.27,22.06,22.09,22.08,0.01,0.05,5943.18,13161.208,2023-08-01
002149.SZ,2017-11-27,10.29,10.53,10.23,10.28,10.43,-0.15,-1.44,35455.01,36822.76,2023-08-01
002150.SZ,2017-11-27,9.41,9.47,9.19,9.22,9.5,-0.28,-2.95,11220.64,10440.8,2023-08-01
002151.SZ,2017-11-27,30.56,30.79,29.01,29.16,31.01,-1.85,-5.97,152264.62,454130.418,2023-08-01
002152.SZ,2017-11-27,6.72,6.77,6.63,6.65,6.72,-0.07,-1.04,85522.36,56996.765,2023-08-01
002153.SZ,2017-11-27,29.0,29.42,27.13,27.8,29.39,-1.59,-5.41,144429.8,410974.657,2023-08-01
002154.SZ,2017-11-27,3.25,3.26,3.22,3.24,3.25,-0.01,-0.31,43010.0,13935.599,2023-08-01
002155.SZ,2017-11-27,9.02,9.09,9.0,9.03,9.04,-0.01,-0.11,57968.59,52411.548,2023-08-01
002156.SZ,2017-11-27,12.54,12.65,11.76,11.91,13.05,-1.14,-8.74,522289.96,637634.158,2023-08-01
002157.SZ,2017-11-27,6.33,6.37,6.11,6.14,6.26,-0.12,-1.92,255708.31,159092.361,2023-08-01
002158.SZ,2017-11-27,12.03,12.5,12.0,12.15,11.96,0.19,1.59,123075.22,151323.817,2023-08-01
002159.SZ,2017-11-27,20.85,21.03,20.66,20.94,20.85,0.09,0.43,3813.0,7951.067,2023-08-01
002161.SZ,2017-11-27,8.85,9.06,8.78,8.99,8.84,0.15,1.7,99053.76,88586.002,2023-08-01
002162.SZ,2017-11-27,5.06,5.13,5.06,5.11,5.08,0.03,0.59,22152.82,11309.084,2023-08-01
002164.SZ,2017-11-27,9.23,9.29,9.1,9.15,9.18,-0.03,-0.33,19346.0,17786.093,2023-08-01
002165.SZ,2017-11-27,6.14,6.16,6.06,6.07,6.11,-0.04,-0.65,17098.93,10462.074,2023-08-01
002166.SZ,2017-11-27,10.18,10.28,10.13,10.14,10.18,-0.04,-0.39,20367.0,20784.445,2023-08-01
002167.SZ,2017-11-27,10.17,10.25,9.97,9.99,10.1,-0.11,-1.09,47027.59,47485.855,2023-08-01
603018.SH,2017-11-27,29.68,29.85,28.9,29.13,29.65,-0.52,-1.75,5620.5,16410.94,2023-08-01
603019.SH,2017-11-27,45.52,46.1,42.5,43.17,45.6,-2.43,-5.33,328303.97,1457866.086,2023-08-01
603020.SH,2017-11-27,12.4,12.4,12.21,12.25,12.4,-0.15,-1.21,7994.0,9810.68,2023-08-01
603021.SH,2017-11-27,11.8,11.8,11.57,11.57,12.85,-1.28,-9.96,14979.0,17374.773,2023-08-01
603022.SH,2017-11-27,13.17,13.44,13.04,13.12,13.19,-0.07,-0.53,13265.02,17598.235,2023-08-01
603023.SH,2017-11-27,8.3,8.5,8.29,8.35,8.31,0.04,0.48,12562.69,10515.78,2023-08-01
603025.SH,2017-11-27,31.0,32.0,30.96,31.17,31.15,0.02,0.06,11474.73,36281.728,2023-08-01
603026.SH,2017-11-27,24.23,24.59,23.98,24.07,24.42,-0.35,-1.43,14461.78,35112.73,2023-08-01
603027.SH,2017-11-27,19.2,19.3,18.88,18.93,19.27,-0.34,-1.76,12882.16,24625.58,2023-08-01
603028.SH,2017-11-27,10.85,10.88,10.69,10.75,10.84,-0.09,-0.83,8078.93,8708.912,2023-08-01
603029.SH,2017-11-27,20.26,20.46,20.1,20.31,20.29,0.02,0.1,5912.0,12006.711,2023-08-01
603030.SH,2017-11-27,8.4,8.59,8.33,8.48,8.41,0.07,0.83,23903.0,20313.056,2023-08-01
603088.SH,2017-11-27,42.0,42.38,39.61,42.36,42.36,0.0,0.0,8429.0,34830.619,2023-08-01
603098.SH,2017-11-27,18.1,19.0,18.02,18.68,18.13,0.55,3.03,20345.6,37788.946,2023-08-01
603099.SH,2017-11-27,12.82,12.89,12.79,12.79,12.85,-0.06,-0.47,2980.38,3826.077,2023-08-01
603100.SH,2017-11-27,10.89,10.95,10.71,10.72,10.86,-0.14,-1.29,9610.74,10393.566,2023-08-01
603101.SH,2017-11-27,14.12,14.21,13.85,13.92,14.33,-0.41,-2.86,10220.0,14286.586,2023-08-01
603108.SH,2017-11-27,13.69,13.74,13.0,13.28,13.7,-0.42,-3.07,23278.6,31239.363,2023-08-01
603110.SH,2017-11-27,26.0,26.47,25.75,25.86,26.08,-0.22,-0.84,15323.79,39995.228,2023-08-01
603377.SH,2017-11-27,37.67,37.94,37.15,37.83,37.52,0.31,0.83,14745.29,55514.243,2023-08-01
603380.SH,2017-11-27,20.26,20.5,19.75,19.78,20.36,-0.58,-2.85,13472.01,26975.749,2023-08-01
603385.SH,2017-11-27,22.27,22.95,22.22,22.38,22.39,-0.01,-0.04,20325.0,45920.65,2023-08-01
603387.SH,2017-11-27,61.0,62.58,59.28,59.52,61.65,-2.13,-3.46,14476.6,88555.894,2023-08-01
603393.SH,2017-11-27,34.98,35.55,34.91,34.99,35.17,-0.18,-0.51,4736.76,16642.982,2023-08-01
603398.SH,2017-11-27,16.98,17.08,16.28,16.36,17.09,-0.73,-4.27,15394.63,25397.816,2023-08-01
603399.SH,2017-11-27,15.53,16.8,15.5,16.64,15.52,1.12,7.22,164157.01,268791.644,2023-08-01
603421.SH,2017-11-27,27.29,27.35,26.02,26.12,26.95,-0.83,-3.08,4804.19,12754.75,2023-08-01
603444.SH,2017-11-27,238.0,238.1,220.0,221.03,237.7,-16.67,-7.01,10114.93,230085.922,2023-08-01
600780.SH,2017-11-27,4.9,4.96,4.85,4.93,4.91,0.02,0.41,18603.0,9132.744,2023-08-01
600782.SH,2017-11-27,6.54,6.75,6.42,6.59,6.38,0.21,3.29,852501.88,561423.807,2023-08-01
600783.SH,2017-11-27,14.53,14.55,14.3,14.35,14.5,-0.15,-1.03,14613.3,21064.274,2023-08-01
600784.SH,2017-11-27,5.58,5.65,5.55,5.57,5.59,-0.02,-0.36,18000.73,10087.457,2023-08-01
600785.SH,2017-11-27,20.2,20.2,19.9,19.9,20.22,-0.32,-1.58,2075.7,4159.757,2023-08-01
600787.SH,2017-11-27,10.8,11.07,10.42,10.51,10.86,-0.35,-3.22,134560.65,143699.191,2023-08-01
600789.SH,2017-11-27,7.59,7.71,7.55,7.58,7.61,-0.03,-0.39,27072.0,20639.778,2023-08-01
600790.SH,2017-11-27,6.25,6.3,6.24,6.25,6.25,0.0,0.0,22415.01,14041.567,2023-08-01
600791.SH,2017-11-27,7.24,7.31,7.15,7.2,7.18,0.02,0.28,36433.71,26395.439,2023-08-01
600792.SH,2017-11-27,4.37,4.44,4.34,4.38,4.36,0.02,0.46,38421.64,16868.234,2023-08-01
600793.SH,2017-11-27,22.13,22.13,21.36,21.71,22.13,-0.42,-1.9,8445.0,18353.919,2023-08-01
600794.SH,2017-11-27,3.94,3.95,3.79,3.8,3.94,-0.14,-3.55,84803.0,32759.07,2023-08-01
600795.SH,2017-11-27,3.5,3.51,3.43,3.43,3.51,-0.08,-2.28,812256.98,282248.717,2023-08-01
600796.SH,2017-11-27,7.17,7.24,7.1,7.19,7.18,0.01,0.14,12436.05,8927.388,2023-08-01
600500.SH,2017-11-27,9.08,9.09,8.98,9.01,9.1,-0.09,-0.99,42813.01,38673.261,2023-08-01
600501.SH,2017-11-27,12.55,12.8,12.27,12.28,12.57,-0.29,-2.31,17797.21,22308.108,2023-08-01
600502.SH,2017-11-27,6.93,6.93,6.84,6.86,6.91,-0.05,-0.72,49176.06,33887.71,2023-08-01
600503.SH,2017-11-27,6.19,6.25,6.13,6.16,6.19,-0.03,-0.48,118442.53,73364.316,2023-08-01
600505.SH,2017-11-27,7.34,7.4,7.3,7.36,7.39,-0.03,-0.41,5607.24,4130.459,2023-08-01
600506.SH,2017-11-27,14.67,14.73,14.35,14.5,14.74,-0.24,-1.63,7850.53,11435.591,2023-08-01
600507.SH,2017-11-27,14.52,14.95,14.29,14.35,14.17,0.18,1.27,388093.07,567735.815,2023-08-01
600508.SH,2017-11-27,12.23,12.38,12.14,12.17,12.2,-0.03,-0.25,32205.04,39568.922,2023-08-01
600509.SH,2017-11-27,6.74,6.84,6.72,6.73,6.73,0.0,0.0,26547.19,17978.472,2023-08-01
600510.SH,2017-11-27,6.73,6.8,6.72,6.75,6.73,0.02,0.3,10649.06,7199.968,2023-08-01
600511.SH,2017-11-27,26.7,27.24,26.51,27.06,26.71,0.35,1.31,30681.28,82620.259,2023-08-01
600512.SH,2017-11-27,4.33,4.36,4.26,4.32,4.34,-0.02,-0.46,43826.71,18847.107,2023-08-01
600513.SH,2017-11-27,8.96,9.05,8.83,8.9,9.02,-0.12,-1.33,7738.28,6924.166,2023-08-01
600515.SH,2017-11-27,13.19,13.53,13.13,13.38,13.13,0.25,1.9,38481.27,51512.425,2023-08-01
600516.SH,2017-11-27,24.47,24.85,23.91,24.06,24.65,-0.59,-2.39,733062.3,1790457.578,2023-08-01
600517.SH,2017-11-27,6.7,6.84,6.57,6.66,6.58,0.08,1.22,182074.01,122060.045,2023-08-01
600518.SH,2017-11-27,21.67,21.83,21.35,21.77,21.73,0.04,0.18,181953.57,394322.046,2023-08-01
600519.SH,2017-11-27,634.0,636.33,613.01,621.29,630.04,-8.75,-1.39,63548.46,3975262.024,2023-08-01
600520.SH,2017-11-27,15.15,16.09,15.15,15.93,15.8,0.13,0.82,8098.01,12826.963,2023-08-01
000036.SZ,2017-11-27,9.07,9.1,8.83,8.88,9.11,-0.23,-2.52,105016.0,94069.178,2023-08-01
000037.SZ,2017-11-27,8.36,8.36,8.22,8.3,8.29,0.01,0.12,12422.98,10307.083,2023-08-01
000038.SZ,2017-11-27,22.94,24.35,22.85,23.55,22.85,0.7,3.06,70290.25,166437.203,2023-08-01
000039.SZ,2017-11-27,19.51,19.67,19.01,19.06,19.5,-0.44,-2.26,110436.78,213330.69,2023-08-01
000040.SZ,2017-11-27,13.87,14.0,13.35,13.35,13.94,-0.59,-4.23,57673.0,78680.902,2023-08-01
000042.SZ,2017-11-27,15.1,15.42,15.1,15.34,15.05,0.29,1.93,6830.0,10490.502,2023-08-01
000043.SZ,2017-11-27,10.3,10.35,10.17,10.29,10.3,-0.01,-0.1,17645.42,18100.755,2023-08-01
000045.SZ,2017-11-27,10.21,10.35,10.16,10.17,10.26,-0.09,-0.88,27267.91,27970.086,2023-08-01
000046.SZ,2017-11-27,7.91,7.91,7.69,7.69,7.9,-0.21,-2.66,34249.1,26573.535,2023-08-01
000048.SZ,2017-11-27,23.53,23.84,23.33,23.58,23.73,-0.15,-0.63,1385.87,3264.694,2023-08-01
000049.SZ,2017-11-27,44.88,44.99,43.58,44.33,45.6,-1.27,-2.79,56616.28,250025.913,2023-08-01
000050.SZ,2017-11-27,21.52,22.22,21.45,21.64,21.65,-0.01,-0.05,231546.99,505371.377,2023-08-01
000055.SZ,2017-11-27,6.58,6.68,6.55,6.6,6.59,0.01,0.15,32642.33,21562.045,2023-08-01
000058.SZ,2017-11-27,9.26,9.42,8.97,8.97,9.27,-0.3,-3.24,111171.5,101902.382,2023-08-01
000059.SZ,2017-11-27,9.96,10.02,9.83,9.9,9.94,-0.04,-0.4,111296.2,110612.049,2023-08-01
000060.SZ,2017-11-27,10.56,10.74,10.41,10.46,10.57,-0.11,-1.04,211212.51,223654.377,2023-08-01
000791.SZ,2017-11-27,8.0,8.04,7.64,7.69,8.2,-0.51,-6.22,182688.02,142609.973,2023-08-01
000792.SZ,2017-11-27,14.32,14.65,13.76,13.95,13.85,0.1,0.72,1115899.76,1588611.018,2023-08-01
000793.SZ,2017-11-27,10.84,10.87,10.45,10.49,10.84,-0.35,-3.23,312219.64,331428.434,2023-08-01
000795.SZ,2017-11-27,6.1,6.18,6.01,6.03,6.13,-0.1,-1.63,100276.0,61165.311,2023-08-01
000796.SZ,2017-11-27,12.4,12.58,12.02,12.07,12.5,-0.43,-3.44,34273.03,42117.116,2023-08-01
000797.SZ,2017-11-27,12.78,12.85,12.57,12.59,12.74,-0.15,-1.18,46431.97,58843.819,2023-08-01
000798.SZ,2017-11-27,8.31,8.38,8.3,8.35,8.31,0.04,0.48,6667.38,5560.166,2023-08-01
000799.SZ,2017-11-27,27.62,27.85,26.5,26.95,27.6,-0.65,-2.36,88404.5,239880.792,2023-08-01
000800.SZ,2017-11-27,10.4,10.44,10.21,10.28,10.35,-0.07,-0.68,112457.59,116272.912,2023-08-01
000801.SZ,2017-11-27,6.55,6.6,6.45,6.45,6.54,-0.09,-1.38,44719.06,29093.944,2023-08-01
000802.SZ,2017-11-27,13.06,13.36,13.05,13.16,13.12,0.04,0.3,34024.37,45055.678,2023-08-01
000803.SZ,2017-11-27,25.36,25.99,25.28,25.66,25.46,0.2,0.79,2452.0,6259.105,2023-08-01
000807.SZ,2017-11-27,9.01,9.44,8.97,9.07,9.08,-0.01,-0.11,1096959.92,1010979.236,2023-08-01
000809.SZ,2017-11-27,3.64,3.75,3.62,3.71,3.65,0.06,1.64,56410.58,20823.373,2023-08-01
000426.SZ,2017-11-27,9.36,9.73,9.36,9.4,9.41,-0.01,-0.11,116426.18,111732.23,2023-08-01
000428.SZ,2017-11-27,4.0,4.01,3.96,3.99,4.01,-0.02,-0.5,23512.0,9380.561,2023-08-01
000429.SZ,2017-11-27,7.94,8.0,7.91,7.96,7.99,-0.03,-0.38,32012.66,25518.927,2023-08-01
000430.SZ,2017-11-27,8.96,8.96,8.8,8.88,8.96,-0.08,-0.89,8126.81,7217.606,2023-08-01
000488.SZ,2017-11-27,16.62,16.69,16.13,16.17,16.54,-0.37,-2.24,143154.89,234767.083,2023-08-01
000498.SZ,2017-11-27,6.56,6.56,6.4,6.4,6.56,-0.16,-2.44,54127.05,35046.304,2023-08-01
000501.SZ,2017-11-27,16.77,16.81,16.42,16.47,16.79,-0.32,-1.91,22981.74,38117.432,2023-08-01
000502.SZ,2017-11-27,11.09,11.15,10.92,11.1,11.1,0.0,0.0,11241.01,12379.705,2023-08-01
000505.SZ,2017-11-27,9.76,9.86,9.62,9.66,9.76,-0.1,-1.02,32569.39,31658.298,2023-08-01
000506.SZ,2017-11-27,7.93,8.01,7.81,7.84,7.96,-0.12,-1.51,38511.0,30415.387,2023-08-01
000507.SZ,2017-11-27,9.79,9.98,9.69,9.85,9.77,0.08,0.82,122594.82,120712.596,2023-08-01
000510.SZ,2017-11-27,7.96,8.02,7.85,7.85,7.95,-0.1,-1.26,29990.11,23832.238,2023-08-01
000513.SZ,2017-11-27,65.0,65.82,63.2,64.04,64.55,-0.51,-0.79,60541.88,390705.326,2023-08-01
000514.SZ,2017-11-27,6.55,6.55,6.43,6.44,6.56,-0.12,-1.83,25066.91,16216.638,2023-08-01
000516.SZ,2017-11-27,4.86,4.87,4.82,4.84,4.86,-0.02,-0.41,60369.0,29204.21,2023-08-01
000517.SZ,2017-11-27,3.92,3.94,3.88,3.91,3.9,0.01,0.26,46114.31,18050.42,2023-08-01
600737.SH,2017-11-27,8.33,8.4,8.31,8.38,8.33,0.05,0.6,59431.0,49755.174,2023-08-01
600738.SH,2017-11-27,8.01,8.11,8.0,8.02,8.06,-0.04,-0.5,5540.13,4452.489,2023-08-01
600739.SH,2017-11-27,17.39,17.47,17.18,17.36,17.38,-0.02,-0.12,59214.76,102363.378,2023-08-01
600740.SH,2017-11-27,9.28,9.42,8.9,9.04,9.25,-0.21,-2.27,458745.57,420064.058,2023-08-01
600741.SH,2017-11-27,27.38,27.62,26.67,27.54,27.49,0.05,0.18,183165.15,500552.355,2023-08-01
600742.SH,2017-11-27,18.64,18.83,18.5,18.69,18.49,0.2,1.08,18416.58,34373.88,2023-08-01
600743.SH,2017-11-27,3.84,3.85,3.78,3.79,3.84,-0.05,-1.3,70470.52,26885.229,2023-08-01
600744.SH,2017-11-27,4.06,4.1,4.04,4.04,4.09,-0.05,-1.22,21240.31,8641.5,2023-08-01
600745.SH,2017-11-27,32.56,33.13,31.3,31.57,32.59,-1.02,-3.13,39236.33,125798.556,2023-08-01
600746.SH,2017-11-27,8.88,8.96,8.69,8.87,8.89,-0.02,-0.23,30696.0,27169.586,2023-08-01
600747.SH,2017-11-27,2.82,2.93,2.81,2.87,2.83,0.04,1.41,121487.66,34916.958,2023-08-01
600748.SH,2017-11-27,6.12,6.15,6.05,6.11,6.11,0.0,0.0,12872.31,7870.758,2023-08-01
600750.SH,2017-11-27,27.12,27.12,26.5,26.67,27.17,-0.5,-1.84,38192.34,101869.03,2023-08-01
600751.SH,2017-11-27,7.45,7.72,6.91,6.99,7.52,-0.53,-7.05,320893.0,234448.366,2023-08-01
600753.SH,2017-11-27,25.97,26.12,25.59,26.07,25.93,0.14,0.54,2737.01,7092.951,2023-08-01
600754.SH,2017-11-27,31.76,32.67,31.01,31.24,32.03,-0.79,-2.47,18617.86,59154.213,2023-08-01
600755.SH,2017-11-27,10.0,10.03,9.74,9.79,10.02,-0.23,-2.3,254691.01,251449.277,2023-08-01
600756.SH,2017-11-27,19.3,19.4,18.66,18.78,19.26,-0.48,-2.49,60974.18,115938.289,2023-08-01
600757.SH,2017-11-27,6.83,6.83,6.73,6.77,6.83,-0.06,-0.88,48902.02,33183.659,2023-08-01
600758.SH,2017-11-27,7.38,7.38,7.24,7.31,7.25,0.06,0.83,78008.67,56999.65,2023-08-01
600759.SH,2017-11-27,4.69,4.73,4.61,4.7,4.66,0.04,0.86,142004.16,66365.111,2023-08-01
000838.SZ,2017-11-27,6.58,6.65,6.43,6.49,6.65,-0.16,-2.41,217791.82,142088.23,2023-08-01
000839.SZ,2017-11-27,10.31,10.47,10.07,10.1,10.35,-0.25,-2.42,1022331.63,1049510.867,2023-08-01
000848.SZ,2017-11-27,9.35,9.44,9.31,9.4,9.36,0.04,0.43,31069.79,29173.342,2023-08-01
000850.SZ,2017-11-27,4.65,4.8,4.65,4.79,4.66,0.13,2.79,48745.26,23028.034,2023-08-01
000851.SZ,2017-11-27,9.95,9.95,9.4,9.49,10.0,-0.51,-5.1,133054.11,127454.394,2023-08-01
000852.SZ,2017-11-27,12.08,12.39,11.75,12.13,12.09,0.04,0.33,127933.76,154803.259,2023-08-01
000856.SZ,2017-11-27,18.69,20.32,18.64,19.57,18.49,1.08,5.84,234116.07,458606.187,2023-08-01
000858.SZ,2017-11-27,67.77,68.68,66.01,67.59,68.46,-0.87,-1.27,280978.04,1894106.97,2023-08-01
000859.SZ,2017-11-27,4.32,4.34,4.28,4.29,4.34,-0.05,-1.15,28733.37,12378.79,2023-08-01
000860.SZ,2017-11-27,19.64,19.64,19.23,19.3,19.65,-0.35,-1.78,40097.98,77775.879,2023-08-01
000861.SZ,2017-11-27,3.29,3.42,3.26,3.27,3.3,-0.03,-0.91,60793.74,20155.258,2023-08-01
000862.SZ,2017-11-27,5.07,5.07,4.96,4.98,5.04,-0.06,-1.19,19331.2,9696.036,2023-08-01
000863.SZ,2017-11-27,5.91,5.92,5.72,5.74,5.92,-0.18,-3.04,34286.72,19889.004,2023-08-01
000868.SZ,2017-11-27,7.29,7.49,7.1,7.2,7.3,-0.1,-1.37,318550.84,233730.517,2023-08-01
000869.SZ,2017-11-27,34.76,34.99,34.5,34.6,34.76,-0.16,-0.46,12672.11,44031.992,2023-08-01
000875.SZ,2017-11-27,4.03,4.03,3.93,3.97,4.02,-0.05,-1.24,52514.28,20861.034,2023-08-01
000876.SZ,2017-11-27,7.87,8.02,7.81,7.89,7.88,0.01,0.13,307398.28,242906.721,2023-08-01
000877.SZ,2017-11-27,10.1,10.97,10.05,10.54,10.02,0.52,5.19,331902.5,349202.404,2023-08-01
000878.SZ,2017-11-27,12.79,12.94,12.5,12.55,12.76,-0.21,-1.65,216944.84,276482.449,2023-08-01
000880.SZ,2017-11-27,9.81,9.86,9.62,9.64,9.79,-0.15,-1.53,9695.01,9418.043,2023-08-01
000881.SZ,2017-11-27,13.11,13.26,12.98,13.04,13.11,-0.07,-0.53,30558.57,40135.611,2023-08-01
000882.SZ,2017-11-27,3.02,3.04,3.0,3.02,3.03,-0.01,-0.33,54721.8,16530.117,2023-08-01
000883.SZ,2017-11-27,4.7,4.72,4.64,4.65,4.72,-0.07,-1.48,86208.41,40290.157,2023-08-01
000885.SZ,2017-11-27,14.67,15.54,14.65,15.0,14.69,0.31,2.11,90279.92,136566.011,2023-08-01
600820.SH,2017-11-27,9.09,9.11,8.98,8.99,9.09,-0.1,-1.1,101798.63,91819.253,2023-08-01
600821.SH,2017-11-27,6.58,7.16,6.5,7.13,6.57,0.56,8.52,82514.43,56628.464,2023-08-01
600822.SH,2017-11-27,14.26,14.85,13.83,14.4,14.26,0.14,0.98,194831.11,278950.943,2023-08-01
600823.SH,2017-11-27,4.96,4.98,4.93,4.94,4.95,-0.01,-0.2,65110.88,32296.512,2023-08-01
600824.SH,2017-11-27,4.98,4.99,4.94,4.94,4.98,-0.04,-0.8,15166.6,7518.968,2023-08-01
600825.SH,2017-11-27,5.56,5.6,5.4,5.48,5.58,-0.1,-1.79,44724.34,24646.177,2023-08-01
600826.SH,2017-11-27,14.32,14.49,14.31,14.35,14.5,-0.15,-1.03,9111.3,13101.139,2023-08-01
600827.SH,2017-11-27,13.53,13.7,13.37,13.41,13.6,-0.19,-1.4,33616.02,45567.122,2023-08-01
600828.SH,2017-11-27,6.51,6.58,6.38,6.42,6.57,-0.15,-2.28,60499.01,39318.696,2023-08-01
600830.SH,2017-11-27,9.49,9.61,9.4,9.49,9.44,0.05,0.53,40815.04,38994.715,2023-08-01
600831.SH,2017-11-27,8.62,8.69,8.6,8.68,8.66,0.02,0.23,17509.98,15131.678,2023-08-01
600833.SH,2017-11-27,14.73,14.79,14.64,14.71,14.71,0.0,0.0,3884.0,5713.565,2023-08-01
600834.SH,2017-11-27,9.8,9.84,9.71,9.71,9.79,-0.08,-0.82,5624.31,5479.614,2023-08-01
600835.SH,2017-11-27,23.63,23.9,22.84,22.92,23.73,-0.81,-3.41,79562.12,185687.72,2023-08-01
600836.SH,2017-11-27,5.43,5.51,5.41,5.42,5.46,-0.04,-0.73,26375.0,14400.823,2023-08-01
600837.SH,2017-11-27,14.27,14.37,14.17,14.34,14.32,0.02,0.14,334376.91,477902.349,2023-08-01
600838.SH,2017-11-27,10.17,10.22,9.95,10.04,10.23,-0.19,-1.86,33818.0,34077.412,2023-08-01
600839.SH,2017-11-27,3.73,3.77,3.61,3.62,3.75,-0.13,-3.47,670827.06,245965.318,2023-08-01
600841.SH,2017-11-27,15.1,15.45,15.03,15.25,15.24,0.01,0.07,61371.0,93144.496,2023-08-01
600843.SH,2017-11-27,11.0,11.07,10.83,10.84,11.11,-0.27,-2.43,14705.0,16077.986,2023-08-01
300511.SZ,2017-11-27,22.99,22.99,21.89,22.37,22.99,-0.62,-2.7,13054.17,29061.959,2023-08-01
300512.SZ,2017-11-27,18.0,18.13,17.84,17.98,18.0,-0.02,-0.11,8357.0,15042.885,2023-08-01
300513.SZ,2017-11-27,33.35,33.6,33.33,33.52,33.42,0.1,0.3,2292.2,7667.658,2023-08-01
300514.SZ,2017-11-27,28.44,28.48,27.1,27.1,28.3,-1.2,-4.24,12349.42,34191.614,2023-08-01
300515.SZ,2017-11-27,13.76,14.2,13.41,13.57,13.33,0.24,1.8,45095.72,62585.748,2023-08-01
300516.SZ,2017-11-27,49.9,50.8,49.9,50.24,50.09,0.15,0.3,2379.0,11974.334,2023-08-01
300517.SZ,2017-11-27,20.81,21.2,20.6,20.7,20.78,-0.08,-0.39,4167.3,8707.949,2023-08-01
300518.SZ,2017-11-27,49.75,50.15,49.05,50.08,50.2,-0.12,-0.24,7445.86,36870.637,2023-08-01
300519.SZ,2017-11-27,21.44,21.44,20.37,20.4,21.01,-0.61,-2.9,4179.0,8700.318,2023-08-01
300520.SZ,2017-11-27,33.1,33.56,29.79,29.79,33.1,-3.31,-10.0,138887.6,441345.704,2023-08-01
300521.SZ,2017-11-27,15.85,16.51,15.85,16.4,15.88,0.52,3.27,16784.54,27271.822,2023-08-01
300522.SZ,2017-11-27,22.68,22.73,22.01,22.22,22.75,-0.53,-2.33,8519.2,19033.773,2023-08-01
300525.SZ,2017-11-27,46.66,46.97,45.61,45.88,46.06,-0.18,-0.39,2080.0,9685.406,2023-08-01
300526.SZ,2017-11-27,19.72,20.0,19.41,19.57,19.72,-0.15,-0.76,12528.67,24680.82,2023-08-01
300527.SZ,2017-11-27,25.06,25.29,23.64,24.0,25.06,-1.06,-4.23,34741.35,85070.473,2023-08-01
300566.SZ,2017-11-27,36.7,37.37,35.47,36.05,37.25,-1.2,-3.22,16881.5,61391.224,2023-08-01
300567.SZ,2017-11-27,130.33,132.89,123.5,128.12,133.29,-5.17,-3.88,11015.17,142094.829,2023-08-01
300568.SZ,2017-11-27,29.0,29.14,28.1,28.2,28.76,-0.56,-1.95,9052.0,25972.989,2023-08-01
300569.SZ,2017-11-27,23.12,23.99,22.95,23.42,23.11,0.31,1.34,8658.2,20395.245,2023-08-01
300570.SZ,2017-11-27,23.81,23.98,21.49,21.49,23.88,-2.39,-10.01,96029.11,214336.669,2023-08-01
300571.SZ,2017-11-27,47.07,47.63,44.7,44.98,47.15,-2.17,-4.6,9148.94,42564.046,2023-08-01
300572.SZ,2017-11-27,53.47,53.52,51.88,51.88,53.53,-1.65,-3.08,2601.68,13725.805,2023-08-01
300573.SZ,2017-11-27,28.89,29.0,27.66,27.75,28.86,-1.11,-3.85,5183.0,14715.005,2023-08-01
300575.SZ,2017-11-27,48.5,48.78,47.36,47.7,49.04,-1.34,-2.73,7066.91,33806.848,2023-08-01
300576.SZ,2017-11-27,18.74,18.99,18.45,18.5,18.54,-0.04,-0.22,5959.0,11130.804,2023-08-01
300577.SZ,2017-11-27,55.65,56.55,54.5,55.8,55.78,0.02,0.04,2445.57,13577.169,2023-08-01
300578.SZ,2017-11-27,34.18,34.9,33.18,33.18,34.87,-1.69,-4.85,3534.0,12041.176,2023-08-01
300579.SZ,2017-11-27,48.78,48.98,45.88,46.0,48.75,-2.75,-5.64,9102.5,43073.234,2023-08-01
300581.SZ,2017-11-27,33.08,33.83,32.8,32.8,33.17,-0.37,-1.12,5256.0,17436.663,2023-08-01
300582.SZ,2017-11-27,17.15,17.32,16.51,16.55,17.15,-0.6,-3.5,17540.99,29767.078,2023-08-01
300583.SZ,2017-11-27,43.1,43.47,42.83,42.93,43.23,-0.3,-0.69,2440.64,10521.078,2023-08-01
300584.SZ,2017-11-27,33.8,36.35,33.62,33.91,33.32,0.59,1.77,13214.62,46203.451,2023-08-01
000729.SZ,2017-11-27,5.92,5.96,5.89,5.93,5.92,0.01,0.17,133414.94,79024.775,2023-08-01
000731.SZ,2017-11-27,7.3,7.51,7.3,7.48,7.35,0.13,1.77,64967.53,48111.61,2023-08-01
000732.SZ,2017-11-27,16.36,16.5,16.27,16.45,16.45,0.0,0.0,24749.09,40529.02,2023-08-01
000733.SZ,2017-11-27,14.38,14.45,14.2,14.23,14.41,-0.18,-1.25,25607.05,36608.816,2023-08-01
000735.SZ,2017-11-27,7.17,7.41,7.14,7.32,7.18,0.14,1.95,243273.45,177309.91,2023-08-01
000736.SZ,2017-11-27,14.35,14.52,14.2,14.38,14.32,0.06,0.42,6487.82,9319.911,2023-08-01
000737.SZ,2017-11-27,5.02,5.15,4.95,5.01,5.03,-0.02,-0.4,40589.56,20515.023,2023-08-01
000738.SZ,2017-11-27,16.43,16.76,16.27,16.38,16.44,-0.06,-0.37,27174.24,44871.986,2023-08-01
000739.SZ,2017-11-27,6.65,6.72,6.56,6.66,6.54,0.12,1.83,35661.77,23600.135,2023-08-01
000750.SZ,2017-11-27,5.22,5.28,5.18,5.24,5.25,-0.01,-0.19,169782.19,88965.242,2023-08-01
000751.SZ,2017-11-27,4.93,5.04,4.9,4.93,4.97,-0.04,-0.8,174269.36,86658.314,2023-08-01
000752.SZ,2017-11-27,13.14,13.16,12.88,12.91,13.17,-0.26,-1.97,9241.78,11993.547,2023-08-01
000753.SZ,2017-11-27,3.88,3.9,3.84,3.85,3.88,-0.03,-0.77,22849.32,8836.826,2023-08-01
000756.SZ,2017-11-27,13.84,14.14,13.7,13.88,13.88,0.0,0.0,38849.03,53998.681,2023-08-01
300210.SZ,2017-11-27,6.4,6.44,6.32,6.33,6.4,-0.07,-1.09,8386.97,5354.535,2023-08-01
300211.SZ,2017-11-27,7.24,7.26,7.13,7.18,7.23,-0.05,-0.69,5011.0,3606.621,2023-08-01
300212.SZ,2017-11-27,24.3,24.8,23.82,24.23,24.38,-0.15,-0.62,25495.04,62283.926,2023-08-01
300213.SZ,2017-11-27,7.7,7.84,7.59,7.79,7.7,0.09,1.17,39141.7,30305.166,2023-08-01
300214.SZ,2017-11-27,6.32,6.33,6.21,6.24,6.32,-0.08,-1.27,17188.0,10771.434,2023-08-01
300215.SZ,2017-11-27,9.2,9.24,9.06,9.11,9.37,-0.26,-2.77,67085.78,61394.844,2023-08-01
300216.SZ,2017-11-27,17.4,17.59,17.17,17.22,17.4,-0.18,-1.03,23096.44,40064.116,2023-08-01
300217.SZ,2017-11-27,3.04,3.06,2.94,3.01,3.04,-0.03,-0.99,220551.85,65834.048,2023-08-01
300218.SZ,2017-11-27,9.39,9.47,9.2,9.22,9.45,-0.23,-2.43,7330.87,6833.7,2023-08-01
300219.SZ,2017-11-27,12.19,12.19,11.75,11.78,12.12,-0.34,-2.81,35681.5,42537.764,2023-08-01
300220.SZ,2017-11-27,20.86,21.0,19.35,19.5,20.79,-1.29,-6.2,45407.22,90331.013,2023-08-01
300221.SZ,2017-11-27,14.97,15.2,14.02,14.08,15.16,-1.08,-7.12,58655.14,84881.971,2023-08-01
300222.SZ,2017-11-27,22.0,22.28,21.08,21.17,22.06,-0.89,-4.03,65702.6,143071.057,2023-08-01
300223.SZ,2017-11-27,33.51,34.92,32.0,32.77,34.0,-1.23,-3.62,125576.52,422038.15,2023-08-01
300358.SZ,2017-11-27,13.1,13.22,13.05,13.1,13.2,-0.1,-0.76,8080.43,10603.717,2023-08-01
300359.SZ,2017-11-27,10.36,10.62,10.28,10.33,10.36,-0.03,-0.29,58882.34,61552.478,2023-08-01
300360.SZ,2017-11-27,11.95,12.06,11.79,11.79,11.98,-0.19,-1.59,61357.29,73234.149,2023-08-01
300362.SZ,2017-11-27,13.56,14.03,13.3,13.32,13.5,-0.18,-1.33,26283.0,35781.352,2023-08-01
300363.SZ,2017-11-27,14.69,14.91,14.14,14.16,14.6,-0.44,-3.01,22729.66,33024.091,2023-08-01
300364.SZ,2017-11-27,10.05,10.15,9.81,9.86,10.01,-0.15,-1.5,74441.99,74379.694,2023-08-01
300365.SZ,2017-11-27,30.7,31.29,30.23,31.17,30.41,0.76,2.5,6421.27,19943.699,2023-08-01
300366.SZ,2017-11-27,11.81,11.99,11.62,11.79,11.89,-0.1,-0.84,22145.53,26140.399,2023-08-01
300367.SZ,2017-11-27,16.28,16.73,15.8,15.89,16.28,-0.39,-2.4,202363.23,330116.685,2023-08-01
300368.SZ,2017-11-27,9.49,9.62,9.32,9.44,9.44,0.0,0.0,18465.82,17544.298,2023-08-01
300369.SZ,2017-11-27,9.62,9.69,9.3,9.32,9.62,-0.3,-3.12,87547.32,83115.4,2023-08-01
300370.SZ,2017-11-27,4.08,4.08,4.0,4.01,4.07,-0.06,-1.47,42281.01,17061.604,2023-08-01
300371.SZ,2017-11-27,19.68,19.97,19.51,19.59,19.68,-0.09,-0.46,3831.0,7572.86,2023-08-01
300373.SZ,2017-11-27,26.3,26.3,24.7,24.9,26.61,-1.71,-6.43,78363.62,199547.309,2023-08-01
300374.SZ,2017-11-27,17.94,18.9,17.8,18.36,17.84,0.52,2.91,35401.83,65372.319,2023-08-01
300375.SZ,2017-11-27,15.95,16.22,15.93,16.08,15.95,0.13,0.82,5478.26,8815.877,2023-08-01
300377.SZ,2017-11-27,11.21,11.77,11.2,11.42,11.25,0.17,1.51,121028.17,139747.682,2023-08-01
300378.SZ,2017-11-27,14.87,15.16,14.6,14.8,14.86,-0.06,-0.4,22364.09,33326.077,2023-08-01
300379.SZ,2017-11-27,14.49,14.89,14.26,14.55,14.82,-0.27,-1.82,46609.6,68034.665,2023-08-01
300380.SZ,2017-11-27,21.31,22.19,21.25,21.44,21.4,0.04,0.19,14698.25,31805.131,2023-08-01
300381.SZ,2017-11-27,11.95,11.95,11.46,11.48,11.8,-0.32,-2.71,10588.6,12310.289,2023-08-01
300382.SZ,2017-11-27,14.45,14.66,14.45,14.64,14.65,-0.01,-0.07,7993.57,11653.175,2023-08-01
300385.SZ,2017-11-27,26.35,28.85,26.35,27.0,26.29,0.71,2.7,18109.3,49903.277,2023-08-01
300386.SZ,2017-11-27,15.83,17.05,15.57,15.98,15.5,0.48,3.1,60222.34,98318.554,2023-08-01
300387.SZ,2017-11-27,16.88,17.07,16.63,16.8,16.88,-0.08,-0.47,5362.0,9060.425,2023-08-01
300388.SZ,2017-11-27,21.31,21.39,20.7,20.72,21.67,-0.95,-4.38,32522.53,68370.666,2023-08-01
300389.SZ,2017-11-27,12.4,12.49,12.22,12.31,12.39,-0.08,-0.65,5747.23,7121.879,2023-08-01
300390.SZ,2017-11-27,7.21,7.39,7.18,7.23,7.2,0.03,0.42,44419.85,32236.735,2023-08-01
300391.SZ,2017-11-27,14.2,14.5,14.0,14.0,14.28,-0.28,-1.96,5143.03,7322.313,2023-08-01
002352.SZ,2017-11-27,52.35,52.35,50.83,50.95,51.92,-0.97,-1.87,29598.32,151892.427,2023-08-01
002370.SZ,2017-11-27,14.19,14.21,14.04,14.16,14.21,-0.05,-0.35,6081.7,8578.599,2023-08-01
002371.SZ,2017-11-27,37.55,38.88,34.89,35.5,38.63,-3.13,-8.1,209904.43,775009.195,2023-08-01
002372.SZ,2017-11-27,17.33,17.5,17.1,17.1,17.36,-0.26,-1.5,24256.35,41659.676,2023-08-01
002374.SZ,2017-11-27,5.47,5.51,5.38,5.51,5.46,0.05,0.92,38433.86,20940.673,2023-08-01
002375.SZ,2017-11-27,8.3,8.33,8.15,8.18,8.25,-0.07,-0.85,27735.05,22839.013,2023-08-01
002376.SZ,2017-11-27,11.38,11.43,11.22,11.27,11.31,-0.04,-0.35,28438.0,32236.528,2023-08-01
002377.SZ,2017-11-27,10.28,10.48,10.1,10.16,10.32,-0.16,-1.55,77954.12,80285.31,2023-08-01
002378.SZ,2017-11-27,9.73,9.81,9.4,9.46,9.72,-0.26,-2.67,83770.09,80570.695,2023-08-01
002379.SZ,2017-11-27,5.85,5.88,5.74,5.75,5.9,-0.15,-2.54,53962.0,31235.34,2023-08-01
002380.SZ,2017-11-27,17.18,17.2,16.89,16.92,17.15,-0.23,-1.34,5665.04,9646.172,2023-08-01
002381.SZ,2017-11-27,8.47,8.51,8.1,8.11,8.43,-0.32,-3.8,55986.37,46208.085,2023-08-01
002383.SZ,2017-11-27,18.52,18.56,17.87,17.99,18.31,-0.32,-1.75,120417.33,220022.097,2023-08-01
002424.SZ,2017-11-27,16.49,16.63,16.12,16.16,16.49,-0.33,-2.0,55179.93,89883.247,2023-08-01
002425.SZ,2017-11-27,8.26,8.4,8.23,8.28,8.3,-0.02,-0.24,38572.58,32108.627,2023-08-01
002426.SZ,2017-11-27,6.24,6.34,6.19,6.25,6.29,-0.04,-0.64,368702.65,230907.102,2023-08-01
002428.SZ,2017-11-27,11.17,11.62,11.11,11.36,11.26,0.1,0.89,142742.68,162622.343,2023-08-01
002429.SZ,2017-11-27,3.87,3.97,3.76,3.76,3.92,-0.16,-4.08,1070884.08,412263.835,2023-08-01
002430.SZ,2017-11-27,15.7,16.48,15.57,15.81,15.7,0.11,0.7,89044.31,143356.979,2023-08-01
002431.SZ,2017-11-27,8.52,8.82,8.52,8.64,8.51,0.13,1.53,188910.02,164341.165,2023-08-01
002432.SZ,2017-11-27,10.1,10.25,10.0,10.05,10.14,-0.09,-0.89,39154.13,39499.831,2023-08-01
002433.SZ,2017-11-27,8.78,8.83,8.71,8.75,8.81,-0.06,-0.68,31623.68,27700.105,2023-08-01
002434.SZ,2017-11-27,10.38,10.96,10.32,10.79,10.47,0.32,3.06,210626.64,226358.044,2023-08-01
002435.SZ,2017-11-27,17.19,17.69,17.15,17.5,17.12,0.38,2.22,26055.03,45596.583,2023-08-01
002436.SZ,2017-11-27,5.7,5.7,5.5,5.52,5.77,-0.25,-4.33,129152.37,72309.632,2023-08-01
002437.SZ,2017-11-27,6.76,6.86,6.7,6.76,6.76,0.0,0.0,51756.0,35162.813,2023-08-01
002438.SZ,2017-11-27,7.75,7.93,7.46,7.46,7.71,-0.25,-3.24,135126.93,104267.502,2023-08-01
002439.SZ,2017-11-27,23.26,23.8,22.89,22.89,23.35,-0.46,-1.97,84356.32,197848.892,2023-08-01
002440.SZ,2017-11-27,16.55,16.71,16.4,16.5,16.59,-0.09,-0.54,36133.72,59905.388,2023-08-01
002476.SZ,2017-11-27,5.97,5.97,5.87,5.91,5.97,-0.06,-1.01,39481.69,23348.463,2023-08-01
002477.SZ,2017-11-27,4.63,4.78,4.62,4.69,4.62,0.07,1.52,768765.09,362492.276,2023-08-01
002478.SZ,2017-11-27,5.54,5.59,5.43,5.53,5.58,-0.05,-0.9,37337.0,20567.794,2023-08-01
002479.SZ,2017-11-27,9.66,9.7,9.44,9.45,9.74,-0.29,-2.98,75881.27,72567.867,2023-08-01
002480.SZ,2017-11-27,8.71,8.76,8.46,8.52,8.69,-0.17,-1.96,84134.69,72436.508,2023-08-01
002481.SZ,2017-11-27,6.13,6.17,6.07,6.16,6.16,0.0,0.0,56945.5,34871.114,2023-08-01
002482.SZ,2017-11-27,8.13,8.21,8.02,8.06,8.13,-0.07,-0.86,34202.71,27771.248,2023-08-01
002483.SZ,2017-11-27,5.61,5.79,5.55,5.76,5.57,0.19,3.41,36373.56,20659.726,2023-08-01
002484.SZ,2017-11-27,9.6,9.6,9.36,9.36,9.59,-0.23,-2.4,24606.72,23254.322,2023-08-01
002485.SZ,2017-11-27,25.29,25.46,24.98,25.37,25.34,0.03,0.12,8292.52,20996.133,2023-08-01
002486.SZ,2017-11-27,6.29,6.29,6.02,6.09,6.29,-0.2,-3.18,154353.84,94791.063,2023-08-01
002487.SZ,2017-11-27,4.98,5.04,4.95,4.98,4.99,-0.01,-0.2,12869.43,6415.471,2023-08-01
002488.SZ,2017-11-27,10.66,10.7,10.41,10.43,10.66,-0.23,-2.16,17387.31,18310.978,2023-08-01
002489.SZ,2017-11-27,6.2,6.29,6.15,6.17,6.19,-0.02,-0.32,89200.25,55424.326,2023-08-01
002491.SZ,2017-11-27,12.35,12.4,12.2,12.24,12.24,0.0,0.0,33316.78,40971.429,2023-08-01
002603.SZ,2017-11-27,17.12,17.36,17.02,17.08,17.17,-0.09,-0.52,24253.51,41631.386,2023-08-01
002605.SZ,2017-11-27,12.36,12.39,12.02,12.38,12.36,0.02,0.16,12601.0,15452.339,2023-08-01
002607.SZ,2017-11-27,4.23,4.25,4.18,4.23,4.23,0.0,0.0,59602.0,25109.504,2023-08-01
002608.SZ,2017-11-27,10.13,10.15,9.7,9.7,10.13,-0.43,-4.24,39338.0,38704.353,2023-08-01
002609.SZ,2017-11-27,14.77,14.79,14.65,14.75,14.79,-0.04,-0.27,15162.93,22301.079,2023-08-01
002610.SZ,2017-11-27,2.38,2.4,2.36,2.38,2.38,0.0,0.0,204144.4,48634.162,2023-08-01
002611.SZ,2017-11-27,12.75,13.02,12.68,12.68,12.79,-0.11,-0.86,24582.0,31608.454,2023-08-01
002612.SZ,2017-11-27,12.07,12.23,12.01,12.03,12.07,-0.04,-0.33,10478.0,12672.486,2023-08-01
002613.SZ,2017-11-27,3.66,3.76,3.61,3.61,3.71,-0.1,-2.7,35198.0,12944.931,2023-08-01
002614.SZ,2017-11-27,16.9,17.2,16.5,16.7,17.09,-0.39,-2.28,14990.11,25246.232,2023-08-01
002615.SZ,2017-11-27,9.17,9.19,9.01,9.11,9.18,-0.07,-0.76,19794.37,18101.982,2023-08-01
002616.SZ,2017-11-27,9.8,9.96,9.72,9.85,9.78,0.07,0.72,32248.05,31800.895,2023-08-01
002617.SZ,2017-11-27,16.39,16.54,15.66,15.76,16.3,-0.54,-3.31,28161.83,44903.931,2023-08-01
002618.SZ,2017-11-27,13.27,13.42,12.65,12.69,13.48,-0.79,-5.86,60434.55,78489.059,2023-08-01
002619.SZ,2017-11-27,7.32,7.35,6.98,7.15,7.34,-0.19,-2.59,309099.56,221554.11,2023-08-01
002620.SZ,2017-11-27,10.28,10.45,10.18,10.18,10.27,-0.09,-0.88,19201.78,19812.477,2023-08-01
002685.SZ,2017-11-27,11.61,11.68,11.37,11.51,11.68,-0.17,-1.46,30755.36,35382.01,2023-08-01
002686.SZ,2017-11-27,12.09,12.1,11.98,12.04,12.13,-0.09,-0.74,8351.0,10051.118,2023-08-01
002687.SZ,2017-11-27,7.18,7.34,7.12,7.2,7.25,-0.05,-0.69,85755.41,61928.729,2023-08-01
002688.SZ,2017-11-27,7.63,7.64,7.28,7.3,7.86,-0.56,-7.12,137590.81,102549.31,2023-08-01
002689.SZ,2017-11-27,6.14,6.22,6.04,6.04,6.2,-0.16,-2.58,59487.0,36420.195,2023-08-01
002690.SZ,2017-11-27,20.26,21.15,19.51,19.78,20.37,-0.59,-2.9,83566.32,170307.457,2023-08-01
002691.SZ,2017-11-27,25.59,25.87,25.0,25.56,25.62,-0.06,-0.23,2711.0,6885.734,2023-08-01
002692.SZ,2017-11-27,8.76,8.79,8.59,8.65,8.7,-0.05,-0.57,26996.0,23350.671,2023-08-01
002693.SZ,2017-11-27,6.39,6.44,6.27,6.28,6.44,-0.16,-2.48,12792.6,8086.33,2023-08-01
002695.SZ,2017-11-27,17.2,17.6,17.14,17.22,17.18,0.04,0.23,29428.87,50943.524,2023-08-01
002696.SZ,2017-11-27,19.14,19.2,18.4,18.49,19.33,-0.84,-4.35,11144.0,20928.756,2023-08-01
002697.SZ,2017-11-27,5.6,5.66,5.57,5.58,5.65,-0.07,-1.24,37903.5,21265.43,2023-08-01
002698.SZ,2017-11-27,10.55,10.68,10.45,10.47,10.66,-0.19,-1.78,10628.0,11241.965,2023-08-01
002699.SZ,2017-11-27,17.96,17.96,17.55,17.8,17.95,-0.15,-0.84,22534.58,39893.157,2023-08-01
002700.SZ,2017-11-27,10.4,10.42,10.18,10.2,10.48,-0.28,-2.67,9131.4,9387.341,2023-08-01
002701.SZ,2017-11-27,6.23,6.25,6.15,6.15,6.24,-0.09,-1.44,95367.49,58986.789,2023-08-01
002702.SZ,2017-11-27,5.6,5.69,5.57,5.64,5.6,0.04,0.71,28262.6,15917.217,2023-08-01
002034.SZ,2017-11-27,59.2,59.38,56.85,56.85,59.38,-2.53,-4.26,3014.0,17491.222,2023-08-01
002035.SZ,2017-11-27,26.72,28.18,26.72,27.5,27.24,0.26,0.95,36181.38,99973.615,2023-08-01
002036.SZ,2017-11-27,18.35,18.52,17.51,17.66,18.52,-0.86,-4.64,61970.66,110471.577,2023-08-01
002038.SZ,2017-11-27,38.0,39.45,37.01,38.03,36.96,1.07,2.9,237542.74,911648.344,2023-08-01
002039.SZ,2017-11-27,15.77,15.88,15.72,15.79,15.83,-0.04,-0.25,19653.83,31015.232,2023-08-01
002040.SZ,2017-11-27,12.68,12.78,12.45,12.63,12.68,-0.05,-0.39,19327.0,24399.134,2023-08-01
002041.SZ,2017-11-27,11.72,11.97,11.69,11.9,11.77,0.13,1.1,17739.12,21061.555,2023-08-01
002042.SZ,2017-11-27,12.4,12.6,11.92,12.02,12.46,-0.44,-3.53,91696.89,112913.034,2023-08-01
002043.SZ,2017-11-27,10.13,10.95,10.13,10.69,10.12,0.57,5.63,234527.35,250701.914,2023-08-01
002044.SZ,2017-11-27,20.13,20.35,18.7,18.86,20.09,-1.23,-6.12,163221.5,316625.588,2023-08-01
002045.SZ,2017-11-27,16.09,16.45,15.6,16.2,16.15,0.05,0.31,65644.09,106120.998,2023-08-01
002046.SZ,2017-11-27,9.28,9.72,9.25,9.34,9.36,-0.02,-0.21,30304.46,28713.25,2023-08-01
002047.SZ,2017-11-27,7.63,7.73,7.55,7.66,7.78,-0.12,-1.54,103017.09,78463.914,2023-08-01
002048.SZ,2017-11-27,25.02,25.33,24.81,25.0,25.27,-0.27,-1.07,36049.25,90564.803,2023-08-01
002049.SZ,2017-11-27,45.2,47.5,44.5,45.19,46.0,-0.81,-1.76,498221.83,2287229.439,2023-08-01
002050.SZ,2017-11-27,16.85,16.93,16.33,16.39,16.87,-0.48,-2.85,131834.32,219906.353,2023-08-01
002051.SZ,2017-11-27,19.35,19.35,18.97,19.02,19.25,-0.23,-1.19,37881.91,72505.153,2023-08-01
002184.SZ,2017-11-27,12.65,12.79,12.6,12.62,12.67,-0.05,-0.39,6579.0,8343.232,2023-08-01
002186.SZ,2017-11-27,18.33,18.33,18.03,18.11,18.26,-0.15,-0.82,9805.3,17825.697,2023-08-01
002187.SZ,2017-11-27,10.4,10.42,10.18,10.22,10.4,-0.18,-1.73,18815.03,19307.279,2023-08-01
002190.SZ,2017-11-27,22.42,22.76,22.06,22.2,22.41,-0.21,-0.94,11038.51,24727.399,2023-08-01
002191.SZ,2017-11-27,9.73,9.73,9.35,9.36,9.75,-0.39,-4.0,87053.73,82507.05,2023-08-01
002192.SZ,2017-11-27,38.3,40.18,37.0,37.13,38.8,-1.67,-4.3,73280.64,284469.396,2023-08-01
002193.SZ,2017-11-27,16.41,16.57,16.26,16.35,16.35,0.0,0.0,13114.21,21470.192,2023-08-01
002195.SZ,2017-11-27,6.04,6.05,5.92,5.93,6.05,-0.12,-1.98,337980.94,202383.91,2023-08-01
002196.SZ,2017-11-27,9.63,9.73,9.51,9.61,9.61,0.0,0.0,29189.87,28116.64,2023-08-01
002197.SZ,2017-11-27,12.3,12.3,11.76,12.02,12.37,-0.35,-2.83,53575.0,64454.797,2023-08-01
002198.SZ,2017-11-27,12.33,12.34,12.27,12.32,12.34,-0.02,-0.16,7261.7,8933.122,2023-08-01
002199.SZ,2017-11-27,15.51,15.99,15.04,15.11,15.51,-0.4,-2.58,44631.32,68073.644,2023-08-01
002200.SZ,2017-11-27,13.3,13.38,13.0,13.09,13.29,-0.2,-1.5,15563.0,20546.536,2023-08-01
002201.SZ,2017-11-27,9.23,10.13,9.18,10.13,9.21,0.92,9.99,66920.9,66721.622,2023-08-01
002202.SZ,2017-11-27,16.29,16.66,16.0,16.19,16.22,-0.03,-0.19,209148.76,342495.539,2023-08-01
002203.SZ,2017-11-27,7.68,7.81,7.64,7.68,7.7,-0.02,-0.26,26176.54,20287.842,2023-08-01
600585.SH,2017-11-27,29.1,29.85,27.5,27.59,28.79,-1.2,-4.17,791930.55,2249147.97,2023-08-01
600586.SH,2017-11-27,4.41,4.44,4.34,4.35,4.41,-0.06,-1.36,64669.78,28415.586,2023-08-01
600587.SH,2017-11-27,16.06,16.54,15.84,16.2,16.0,0.2,1.25,27010.58,43807.971,2023-08-01
600588.SH,2017-11-27,20.78,21.24,20.32,20.53,20.94,-0.41,-1.96,50427.57,105437.555,2023-08-01
600589.SH,2017-11-27,6.38,6.42,6.26,6.26,6.41,-0.15,-2.34,24123.48,15181.408,2023-08-01
600590.SH,2017-11-27,10.99,10.99,10.73,10.82,11.0,-0.18,-1.64,22066.72,23931.574,2023-08-01
600592.SH,2017-11-27,10.07,10.18,9.74,9.92,10.02,-0.1,-1.0,55515.75,55210.64,2023-08-01
600593.SH,2017-11-27,25.37,25.93,24.58,24.76,25.34,-0.58,-2.29,37685.18,95300.555,2023-08-01
600594.SH,2017-11-27,11.3,11.46,11.23,11.27,11.34,-0.07,-0.62,78032.46,88345.168,2023-08-01
600595.SH,2017-11-27,5.09,5.16,5.0,5.02,5.09,-0.07,-1.38,213233.29,108398.566,2023-08-01
600596.SH,2017-11-27,9.91,10.19,9.9,10.14,9.91,0.23,2.32,143162.23,144314.458,2023-08-01
600597.SH,2017-11-27,14.57,14.65,14.13,14.15,14.68,-0.53,-3.61,135432.45,193300.647,2023-08-01
600598.SH,2017-11-27,10.57,10.73,10.53,10.67,10.59,0.08,0.76,94481.55,100422.751,2023-08-01
600599.SH,2017-11-27,22.65,22.81,22.38,22.53,22.79,-0.26,-1.14,12310.02,27756.177,2023-08-01
603298.SH,2017-11-27,17.88,17.97,17.61,17.71,17.87,-0.16,-0.9,14351.96,25460.026,2023-08-01
603299.SH,2017-11-27,11.85,12.14,11.72,11.87,12.06,-0.19,-1.58,83964.57,100092.032,2023-08-01
603300.SH,2017-11-27,10.1,10.15,9.92,10.07,10.09,-0.02,-0.2,39281.0,39338.357,2023-08-01
603305.SH,2017-11-27,44.99,45.63,42.66,43.49,45.63,-2.14,-4.69,24582.66,108932.052,2023-08-01
603306.SH,2017-11-27,28.38,29.2,28.36,28.69,28.49,0.2,0.7,8931.03,25729.903,2023-08-01
603308.SH,2017-11-27,15.9,16.15,15.66,15.85,15.91,-0.06,-0.38,48883.52,77906.421,2023-08-01
603309.SH,2017-11-27,20.69,20.73,20.18,20.25,20.64,-0.39,-1.89,3550.0,7243.714,2023-08-01
603311.SH,2017-11-27,15.88,16.05,15.85,15.85,15.9,-0.05,-0.31,3949.0,6290.313,2023-08-01
603315.SH,2017-11-27,14.5,14.69,14.41,14.51,14.54,-0.03,-0.21,5025.6,7324.949,2023-08-01
603318.SH,2017-11-27,14.53,14.76,14.24,14.41,14.57,-0.16,-1.1,25141.0,36577.763,2023-08-01
603322.SH,2017-11-27,52.0,52.0,47.49,47.49,52.77,-5.28,-10.01,30341.5,148235.477,2023-08-01
600176.SH,2017-11-27,13.82,14.1,13.25,13.39,13.8,-0.41,-2.97,372566.67,509059.364,2023-08-01
600177.SH,2017-11-27,9.38,9.41,9.26,9.29,9.38,-0.09,-0.96,102525.66,95392.723,2023-08-01
600178.SH,2017-11-27,6.89,6.89,6.76,6.79,6.89,-0.1,-1.45,21180.01,14460.199,2023-08-01
600179.SH,2017-11-27,23.88,24.13,23.6,23.93,23.72,0.21,0.89,59935.0,143018.764,2023-08-01
600180.SH,2017-11-27,11.25,11.38,10.95,11.26,11.26,0.0,0.0,21997.66,24401.206,2023-08-01
600182.SH,2017-11-27,24.7,24.79,23.92,23.92,25.18,-1.26,-5.0,33567.01,81211.401,2023-08-01
600183.SH,2017-11-27,14.78,15.1,14.6,14.74,14.79,-0.05,-0.34,197889.24,293848.795,2023-08-01
600184.SH,2017-11-27,20.83,21.34,20.6,20.96,20.93,0.03,0.14,23650.7,49871.393,2023-08-01
600185.SH,2017-11-27,5.81,5.85,5.77,5.79,5.82,-0.03,-0.52,42395.27,24626.58,2023-08-01
600186.SH,2017-11-27,3.1,3.11,3.06,3.1,3.11,-0.01,-0.32,93275.83,28756.761,2023-08-01
600188.SH,2017-11-27,13.56,13.85,12.97,13.0,13.48,-0.48,-3.56,204592.4,273975.614,2023-08-01
600189.SH,2017-11-27,7.73,7.78,7.67,7.68,7.74,-0.06,-0.78,8458.02,6542.617,2023-08-01
600190.SH,2017-11-27,4.12,4.15,4.1,4.12,4.13,-0.01,-0.24,18228.0,7519.083,2023-08-01
600191.SH,2017-11-27,8.34,8.45,8.11,8.31,8.34,-0.03,-0.36,120835.81,100069.037,2023-08-01
600192.SH,2017-11-27,6.72,6.78,6.68,6.74,6.74,0.0,0.0,16139.01,10868.86,2023-08-01
600195.SH,2017-11-27,18.78,18.81,18.2,18.29,18.82,-0.53,-2.82,18712.66,34493.563,2023-08-01
600298.SH,2017-11-27,32.0,32.45,30.66,31.56,31.93,-0.37,-1.16,89964.69,284521.689,2023-08-01
600299.SH,2017-11-27,12.1,12.1,11.6,11.72,12.12,-0.4,-3.3,36172.0,42730.211,2023-08-01
600300.SH,2017-11-27,4.54,4.59,4.49,4.52,4.52,0.0,0.0,76957.13,34898.949,2023-08-01
600301.SH,2017-11-27,7.75,7.75,7.63,7.69,7.71,-0.02,-0.26,6125.8,4714.626,2023-08-01
600302.SH,2017-11-27,6.95,6.97,6.64,6.69,6.97,-0.28,-4.02,37948.82,25657.975,2023-08-01
600303.SH,2017-11-27,9.25,9.26,9.18,9.24,9.24,0.0,0.0,44526.0,41082.59,2023-08-01
600305.SH,2017-11-27,11.54,11.58,11.14,11.45,11.53,-0.08,-0.69,85013.0,96637.073,2023-08-01
600306.SH,2017-11-27,10.42,10.52,10.33,10.37,10.44,-0.07,-0.67,20994.51,21938.729,2023-08-01
600307.SH,2017-11-27,2.93,2.96,2.91,2.92,2.92,0.0,0.0,353679.73,103910.38,2023-08-01
600308.SH,2017-11-27,6.42,6.42,6.28,6.29,6.39,-0.1,-1.56,80963.61,51250.178,2023-08-01
600309.SH,2017-11-27,37.88,38.65,36.51,37.05,37.68,-0.63,-1.67,359558.02,1346682.014,2023-08-01
600310.SH,2017-11-27,5.51,5.51,5.38,5.41,5.5,-0.09,-1.64,35748.26,19385.457,2023-08-01
600312.SH,2017-11-27,9.96,10.19,9.96,10.01,9.96,0.05,0.5,68477.11,68837.658,2023-08-01
600313.SH,2017-11-27,3.3,3.32,3.24,3.26,3.29,-0.03,-0.91,73077.0,23958.643,2023-08-01
600315.SH,2017-11-27,37.23,37.42,37.16,37.35,37.27,0.08,0.21,48581.54,181285.601,2023-08-01
600316.SH,2017-11-27,14.94,15.17,14.6,14.81,14.85,-0.04,-0.27,24876.83,36996.415,2023-08-01
600317.SH,2017-11-27,3.37,3.41,3.36,3.39,3.38,0.01,0.3,36890.0,12486.499,2023-08-01
600422.SH,2017-11-27,9.29,9.35,9.27,9.3,9.29,0.01,0.11,39589.1,36836.533,2023-08-01
600423.SH,2017-11-27,4.84,4.93,4.72,4.77,4.83,-0.06,-1.24,27234.84,13178.571,2023-08-01
600426.SH,2017-11-27,12.69,12.87,12.35,12.42,12.85,-0.43,-3.35,121609.94,153808.14,2023-08-01
600428.SH,2017-11-27,5.63,5.76,5.6,5.62,5.65,-0.03,-0.53,80476.93,45653.269,2023-08-01
600429.SH,2017-11-27,6.32,6.32,6.18,6.27,6.32,-0.05,-0.79,33897.71,21135.381,2023-08-01
600433.SH,2017-11-27,4.57,4.6,4.53,4.54,4.55,-0.01,-0.22,45682.32,20848.843,2023-08-01
600435.SH,2017-11-27,12.36,12.62,12.24,12.25,12.42,-0.17,-1.37,77416.09,95842.014,2023-08-01
600436.SH,2017-11-27,63.4,63.95,62.28,62.41,63.59,-1.18,-1.86,46594.9,294825.656,2023-08-01
600438.SH,2017-11-27,12.53,12.53,11.5,11.61,12.56,-0.95,-7.56,473689.37,565484.444,2023-08-01
600439.SH,2017-11-27,5.62,5.62,5.58,5.61,5.63,-0.02,-0.36,27585.31,15441.07,2023-08-01
600444.SH,2017-11-27,14.33,14.49,14.13,14.14,14.5,-0.36,-2.48,7977.93,11412.299,2023-08-01
600446.SH,2017-11-27,15.66,15.82,15.35,15.41,15.58,-0.17,-1.09,48863.05,76260.763,2023-08-01
600448.SH,2017-11-27,5.58,5.58,5.45,5.51,5.58,-0.07,-1.25,22435.01,12358.43,2023-08-01
000533.SZ,2017-11-27,9.8,9.8,9.7,9.74,9.83,-0.09,-0.92,13264.01,12905.233,2023-08-01
000534.SZ,2017-11-27,14.43,14.43,14.06,14.2,14.4,-0.2,-1.39,5216.43,7396.525,2023-08-01
000536.SZ,2017-11-27,4.83,4.87,4.79,4.82,4.85,-0.03,-0.62,50909.8,24595.909,2023-08-01
000537.SZ,2017-11-27,13.6,13.9,13.22,13.45,13.7,-0.25,-1.82,75326.57,101859.39,2023-08-01
000538.SZ,2017-11-27,98.4,98.4,95.55,96.78,98.82,-2.04,-2.06,44370.1,428908.42,2023-08-01
000539.SZ,2017-11-27,4.99,4.99,4.89,4.92,4.98,-0.06,-1.2,30544.0,15088.27,2023-08-01
000541.SZ,2017-11-27,9.8,9.96,9.56,9.65,9.84,-0.19,-1.93,285785.53,278781.143,2023-08-01
000543.SZ,2017-11-27,5.11,5.12,5.05,5.06,5.12,-0.06,-1.17,83062.0,42200.646,2023-08-01
000544.SZ,2017-11-27,16.54,16.54,16.28,16.4,16.67,-0.27,-1.62,15976.76,26220.72,2023-08-01
000545.SZ,2017-11-27,4.94,4.94,4.83,4.86,4.93,-0.07,-1.42,76341.28,37287.077,2023-08-01
000546.SZ,2017-11-27,15.26,16.65,15.26,16.65,15.14,1.51,9.97,99046.65,159163.542,2023-08-01
000548.SZ,2017-11-27,6.38,6.46,6.3,6.34,6.39,-0.05,-0.78,46928.01,29840.256,2023-08-01
000550.SZ,2017-11-27,17.09,17.46,17.09,17.1,17.15,-0.05,-0.29,16263.0,28015.118,2023-08-01
000657.SZ,2017-11-27,12.5,12.58,12.14,12.19,12.52,-0.33,-2.64,25906.01,32046.701,2023-08-01
000661.SZ,2017-11-27,169.99,173.8,166.01,166.66,171.9,-5.24,-3.05,17715.61,300764.441,2023-08-01
000662.SZ,2017-11-27,14.85,14.93,14.68,14.85,14.98,-0.13,-0.87,44289.15,65584.688,2023-08-01
000663.SZ,2017-11-27,16.66,16.95,16.46,16.66,16.68,-0.02,-0.12,17014.75,28547.803,2023-08-01
000665.SZ,2017-11-27,10.22,10.27,10.15,10.19,10.24,-0.05,-0.49,24706.89,25244.045,2023-08-01
000666.SZ,2017-11-27,18.96,19.36,18.8,19.31,18.87,0.44,2.33,58443.1,112374.853,2023-08-01
000667.SZ,2017-11-27,3.02,3.03,3.0,3.01,3.02,-0.01,-0.33,71222.79,21477.255,2023-08-01
000668.SZ,2017-11-27,15.06,15.45,14.91,15.35,15.13,0.22,1.45,8142.83,12389.39,2023-08-01
000669.SZ,2017-11-27,13.65,13.7,13.48,13.63,13.63,0.0,0.0,19473.24,26466.441,2023-08-01
000670.SZ,2017-11-27,6.0,6.02,5.5,5.5,6.11,-0.61,-9.98,342256.53,196729.18,2023-08-01
000671.SZ,2017-11-27,6.52,6.68,6.39,6.42,6.49,-0.07,-1.08,203451.49,133127.368,2023-08-01
000672.SZ,2017-11-27,8.82,9.01,8.82,8.83,8.74,0.09,1.03,126523.85,112830.434,2023-08-01
000673.SZ,2017-11-27,11.32,11.5,11.12,11.41,11.3,0.11,0.97,39228.0,44421.118,2023-08-01
000676.SZ,2017-11-27,11.65,11.67,11.43,11.49,11.75,-0.26,-2.21,21960.2,25334.746,2023-08-01
000677.SZ,2017-11-27,4.0,4.0,3.89,3.91,3.9,0.01,0.26,24216.34,9520.21,2023-08-01
000678.SZ,2017-11-27,7.69,7.75,7.6,7.64,7.71,-0.07,-0.91,9758.78,7481.635,2023-08-01
000908.SZ,2017-11-27,6.02,6.09,5.97,6.01,6.03,-0.02,-0.33,15644.05,9434.914,2023-08-01
000909.SZ,2017-11-27,11.75,11.75,11.4,11.41,11.95,-0.54,-4.52,22019.5,25404.962,2023-08-01
000910.SZ,2017-11-27,21.64,21.8,20.75,21.05,21.65,-0.6,-2.77,48602.88,103330.564,2023-08-01
000911.SZ,2017-11-27,9.21,9.22,9.08,9.12,9.13,-0.01,-0.11,19071.69,17456.137,2023-08-01
000912.SZ,2017-11-27,6.9,7.08,6.8,6.95,6.91,0.04,0.58,54374.17,38030.986,2023-08-01
000913.SZ,2017-11-27,21.04,21.16,20.3,20.36,21.19,-0.83,-3.92,36855.76,75991.473,2023-08-01
000915.SZ,2017-11-27,30.7,31.1,30.52,30.65,30.74,-0.09,-0.29,22662.61,69643.461,2023-08-01
000916.SZ,2017-11-27,9.24,9.44,9.0,9.01,8.96,0.05,0.56,132467.19,121787.127,2023-08-01
000917.SZ,2017-11-27,9.73,9.84,9.4,9.57,9.73,-0.16,-1.64,132386.51,128592.968,2023-08-01
000918.SZ,2017-11-27,7.01,7.07,6.96,7.02,7.03,-0.01,-0.14,52699.92,36906.787,2023-08-01
000919.SZ,2017-11-27,8.94,8.99,8.88,8.88,8.96,-0.08,-0.89,17379.11,15515.607,2023-08-01
000920.SZ,2017-11-27,10.28,10.38,10.27,10.27,10.33,-0.06,-0.58,18532.0,19128.674,2023-08-01
000921.SZ,2017-11-27,13.96,14.0,13.75,13.81,14.04,-0.23,-1.64,75771.11,104921.471,2023-08-01
000922.SZ,2017-11-27,7.7,7.95,7.66,7.81,7.7,0.11,1.43,38121.12,29959.902,2023-08-01
000923.SZ,2017-11-27,21.85,23.89,21.53,23.89,21.72,2.17,9.99,94433.13,221590.156,2023-08-01
600619.SH,2017-11-27,12.25,12.3,12.01,12.13,12.16,-0.03,-0.25,33548.87,40832.002,2023-08-01
600620.SH,2017-11-27,13.02,13.15,12.7,12.88,12.95,-0.07,-0.54,21399.18,27634.683,2023-08-01
600621.SH,2017-11-27,13.15,13.35,12.65,12.89,13.38,-0.49,-3.66,211957.46,275854.916,2023-08-01
600622.SH,2017-11-27,20.06,20.29,19.03,19.25,20.08,-0.83,-4.13,52535.38,102115.429,2023-08-01
600623.SH,2017-11-27,9.22,9.33,9.19,9.23,9.2,0.03,0.33,20153.0,18663.645,2023-08-01
600624.SH,2017-11-27,6.74,6.79,6.63,6.64,6.74,-0.1,-1.48,22784.17,15296.326,2023-08-01
600626.SH,2017-11-27,8.43,8.51,8.27,8.41,8.41,0.0,0.0,45306.29,37986.036,2023-08-01
600628.SH,2017-11-27,10.15,10.24,10.11,10.14,10.15,-0.01,-0.1,17212.9,17506.252,2023-08-01
600629.SH,2017-11-27,16.05,16.19,15.94,16.06,16.05,0.01,0.06,6387.0,10267.709,2023-08-01
600630.SH,2017-11-27,11.14,11.32,11.01,11.18,11.14,0.04,0.36,48173.68,53677.051,2023-08-01
600633.SH,2017-11-27,14.77,14.78,14.36,14.44,14.78,-0.34,-2.3,45752.56,66540.144,2023-08-01
600635.SH,2017-11-27,4.65,4.65,4.6,4.61,4.64,-0.03,-0.65,42181.01,19479.148,2023-08-01
002260.SZ,2017-11-27,13.12,13.19,12.64,12.68,13.14,-0.46,-3.5,80987.23,104313.648,2023-08-01
600637.SH,2017-11-27,18.65,18.65,18.21,18.24,18.57,-0.33,-1.78,48346.7,88950.027,2023-08-01
600638.SH,2017-11-27,18.11,18.15,17.6,17.81,18.09,-0.28,-1.55,18955.18,33835.161,2023-08-01
600639.SH,2017-11-27,17.48,17.53,17.28,17.52,17.47,0.05,0.29,14358.17,25048.441,2023-08-01
600640.SH,2017-11-27,15.62,15.85,15.3,15.33,15.72,-0.39,-2.48,16163.24,25028.793,2023-08-01
300463.SZ,2017-11-27,23.56,23.75,23.23,23.3,23.56,-0.26,-1.1,21908.16,51470.44,2023-08-01
300464.SZ,2017-11-27,10.7,10.81,10.66,10.74,10.71,0.03,0.28,6334.27,6816.866,2023-08-01
300465.SZ,2017-11-27,9.08,9.42,9.03,9.15,9.08,0.07,0.77,37303.4,34372.205,2023-08-01
300466.SZ,2017-11-27,12.3,13.33,12.29,12.75,12.58,0.17,1.35,68908.59,88745.489,2023-08-01
300467.SZ,2017-11-27,51.44,52.04,48.5,48.5,51.47,-2.97,-5.77,23089.0,114622.68,2023-08-01
300468.SZ,2017-11-27,35.0,35.47,34.53,34.72,35.0,-0.28,-0.8,4721.55,16533.32,2023-08-01
300469.SZ,2017-11-27,42.37,42.69,41.41,41.49,42.9,-1.41,-3.29,3402.22,14303.947,2023-08-01
300470.SZ,2017-11-27,38.46,38.46,36.78,37.52,38.43,-0.91,-2.37,8105.05,30420.563,2023-08-01
300471.SZ,2017-11-27,14.02,14.05,13.48,13.62,14.08,-0.46,-3.27,32390.97,44396.535,2023-08-01
300472.SZ,2017-11-27,26.28,26.85,24.29,24.64,26.99,-2.35,-8.71,12308.0,31002.544,2023-08-01
300473.SZ,2017-11-27,41.3,41.51,40.55,40.75,41.68,-0.93,-2.23,5817.2,23839.184,2023-08-01
300474.SZ,2017-11-27,57.2,57.65,52.76,52.76,58.62,-5.86,-10.0,72223.69,397772.782,2023-08-01
300475.SZ,2017-11-27,13.96,14.2,13.94,14.07,14.05,0.02,0.14,9850.0,13853.37,2023-08-01
300476.SZ,2017-11-27,24.77,25.38,24.53,25.08,24.85,0.23,0.93,21356.94,53397.492,2023-08-01
300477.SZ,2017-11-27,24.39,24.39,21.69,21.69,24.1,-2.41,-10.0,78074.5,173302.751,2023-08-01
600077.SH,2017-11-27,3.76,3.78,3.7,3.75,3.77,-0.02,-0.53,27617.0,10347.438,2023-08-01
600078.SH,2017-11-27,5.37,5.4,5.33,5.38,5.37,0.01,0.19,25884.95,13874.663,2023-08-01
600079.SH,2017-11-27,18.42,18.42,17.99,18.24,18.41,-0.17,-0.92,132655.47,240702.742,2023-08-01
600080.SH,2017-11-27,9.55,9.55,9.1,9.2,9.52,-0.32,-3.36,20912.89,19443.333,2023-08-01
600081.SH,2017-11-27,11.57,11.6,11.39,11.49,11.48,0.01,0.09,5157.82,5929.913,2023-08-01
600082.SH,2017-11-27,5.69,5.73,5.55,5.64,5.68,-0.04,-0.7,26860.57,15150.79,2023-08-01
600083.SH,2017-11-27,18.68,18.81,18.0,18.14,18.71,-0.57,-3.05,5575.5,10200.783,2023-08-01
600085.SH,2017-11-27,33.13,33.36,32.6,33.32,33.26,0.06,0.18,58629.6,193976.405,2023-08-01
600086.SH,2017-11-27,10.3,10.35,10.1,10.33,10.38,-0.05,-0.48,24480.4,25107.337,2023-08-01
600088.SH,2017-11-27,14.09,14.17,13.99,14.07,14.14,-0.07,-0.5,13213.84,18603.739,2023-08-01
600089.SH,2017-11-27,10.23,10.28,9.95,9.97,10.28,-0.31,-3.02,546200.78,550139.004,2023-08-01
600090.SH,2017-11-27,8.38,8.39,7.96,8.25,8.42,-0.17,-2.02,77704.11,63501.713,2023-08-01
000570.SZ,2017-11-27,5.88,5.89,5.82,5.83,5.88,-0.05,-0.85,9878.39,5784.486,2023-08-01
000571.SZ,2017-11-27,5.78,5.78,5.63,5.72,5.8,-0.08,-1.38,61360.53,34905.175,2023-08-01
000572.SZ,2017-11-27,4.56,4.57,4.49,4.5,4.54,-0.04,-0.88,70082.61,31668.76,2023-08-01
000573.SZ,2017-11-27,4.93,4.94,4.81,4.85,4.93,-0.08,-1.62,37093.01,18050.134,2023-08-01
000576.SZ,2017-11-27,16.52,16.6,16.46,16.58,16.6,-0.02,-0.12,5166.76,8536.598,2023-08-01
000581.SZ,2017-11-27,25.91,25.93,25.01,25.11,26.0,-0.89,-3.42,167986.11,427784.16,2023-08-01
000582.SZ,2017-11-27,10.47,10.64,10.4,10.42,10.45,-0.03,-0.29,35243.1,37056.804,2023-08-01
000584.SZ,2017-11-27,14.43,14.58,14.34,14.44,14.43,0.01,0.07,50545.98,72872.72,2023-08-01
000586.SZ,2017-11-27,18.63,18.79,17.77,17.95,18.69,-0.74,-3.96,9473.0,17198.744,2023-08-01
000587.SZ,2017-11-27,6.52,6.52,6.36,6.44,6.52,-0.08,-1.23,138202.13,88875.519,2023-08-01
000589.SZ,2017-11-27,4.68,4.74,4.66,4.69,4.68,0.01,0.21,22010.61,10333.21,2023-08-01
000590.SZ,2017-11-27,14.3,14.46,14.05,14.05,14.28,-0.23,-1.61,5783.46,8194.892,2023-08-01
000591.SZ,2017-11-27,6.66,6.73,6.3,6.35,6.66,-0.31,-4.65,302785.67,196682.755,2023-08-01
000593.SZ,2017-11-27,8.54,9.09,8.22,8.8,8.9,-0.1,-1.12,81953.1,71672.955,2023-08-01
300003.SZ,2017-11-27,22.2,22.23,21.26,21.37,22.11,-0.74,-3.35,88650.21,192938.997,2023-08-01
300004.SZ,2017-11-27,9.94,10.05,9.88,9.97,10.04,-0.07,-0.7,24173.91,24071.252,2023-08-01
300005.SZ,2017-11-27,5.82,5.95,5.8,5.84,5.8,0.04,0.69,65705.0,38605.649,2023-08-01
300006.SZ,2017-11-27,6.34,6.47,6.31,6.45,6.32,0.13,2.06,66412.43,42708.948,2023-08-01
300007.SZ,2017-11-27,14.36,14.55,14.15,14.16,14.34,-0.18,-1.26,22793.0,32722.081,2023-08-01
300009.SZ,2017-11-27,21.88,22.5,21.41,21.41,21.7,-0.29,-1.34,132673.77,290596.051,2023-08-01
300011.SZ,2017-11-27,11.66,11.82,11.55,11.58,11.66,-0.08,-0.69,20341.71,23727.349,2023-08-01
300012.SZ,2017-11-27,5.19,5.23,4.82,5.15,5.19,-0.04,-0.77,379017.86,190898.985,2023-08-01
300014.SZ,2017-11-27,19.79,19.83,18.82,18.96,19.71,-0.75,-3.81,179032.72,346493.651,2023-08-01
300015.SZ,2017-11-27,26.8,27.58,26.4,26.74,26.62,0.12,0.45,86873.78,234246.635,2023-08-01
300016.SZ,2017-11-27,13.46,13.66,13.36,13.46,13.46,0.0,0.0,14295.0,19334.963,2023-08-01
300017.SZ,2017-11-27,9.13,9.72,9.08,9.47,9.09,0.38,4.18,591299.02,559775.698,2023-08-01
300018.SZ,2017-11-27,6.66,6.7,6.59,6.59,6.68,-0.09,-1.35,16832.72,11174.696,2023-08-01
300019.SZ,2017-11-27,8.85,8.98,8.75,8.81,8.73,0.08,0.92,23423.0,20815.92,2023-08-01
300113.SZ,2017-11-27,19.35,19.5,18.88,19.0,19.78,-0.78,-3.94,193153.41,369764.824,2023-08-01
300114.SZ,2017-11-27,10.6,10.78,10.52,10.66,10.62,0.04,0.38,10542.92,11252.564,2023-08-01
300115.SZ,2017-11-27,25.59,26.92,25.19,25.49,24.49,1.0,4.08,227800.14,589155.203,2023-08-01
300116.SZ,2017-11-27,8.08,8.1,7.71,7.72,8.07,-0.35,-4.34,177271.43,140740.433,2023-08-01
300117.SZ,2017-11-27,6.66,7.03,6.66,6.78,6.68,0.1,1.5,130618.14,89757.61,2023-08-01
300118.SZ,2017-11-27,12.54,12.69,12.38,12.41,12.54,-0.13,-1.04,37840.45,47332.124,2023-08-01
300119.SZ,2017-11-27,11.6,11.7,11.33,11.34,11.63,-0.29,-2.49,12614.26,14401.508,2023-08-01
300120.SZ,2017-11-27,11.99,12.26,11.9,12.03,11.99,0.04,0.33,9130.01,11061.422,2023-08-01
300121.SZ,2017-11-27,12.25,12.65,12.17,12.59,12.24,0.35,2.86,18752.14,23361.55,2023-08-01
300122.SZ,2017-11-27,27.8,28.48,27.3,27.79,27.7,0.09,0.32,65610.04,183886.057,2023-08-01
300123.SZ,2017-11-27,13.09,13.3,12.87,13.05,13.09,-0.04,-0.31,19791.69,25916.267,2023-08-01
300124.SZ,2017-11-27,26.69,26.78,25.6,25.71,26.78,-1.07,-4.0,95687.13,249997.89,2023-08-01
300125.SZ,2017-11-27,23.78,24.07,23.73,23.8,23.84,-0.04,-0.17,3213.0,7675.513,2023-08-01
300126.SZ,2017-11-27,6.91,7.03,6.85,6.9,6.95,-0.05,-0.72,17468.79,12136.909,2023-08-01
002272.SZ,2017-11-27,6.03,6.09,5.95,6.07,6.06,0.01,0.17,22447.73,13561.026,2023-08-01
002273.SZ,2017-11-27,25.82,26.33,25.25,25.75,25.93,-0.18,-0.69,106949.52,275889.778,2023-08-01
002274.SZ,2017-11-27,7.35,7.45,7.28,7.32,7.32,0.0,0.0,17317.0,12749.025,2023-08-01
002275.SZ,2017-11-27,16.32,16.37,16.13,16.19,16.37,-0.18,-1.1,10869.59,17656.535,2023-08-01
002276.SZ,2017-11-27,9.25,9.35,9.21,9.25,9.25,0.0,0.0,40412.0,37549.904,2023-08-01
002277.SZ,2017-11-27,6.12,6.15,6.05,6.1,6.11,-0.01,-0.16,81235.0,49512.634,2023-08-01
002278.SZ,2017-11-27,12.65,12.82,12.39,12.5,12.6,-0.1,-0.79,95941.94,120783.908,2023-08-01
002279.SZ,2017-11-27,10.5,10.62,10.38,10.45,10.48,-0.03,-0.29,24586.28,25842.712,2023-08-01
002280.SZ,2017-11-27,9.14,9.17,8.9,9.14,9.16,-0.02,-0.22,172225.81,156032.723,2023-08-01
002281.SZ,2017-11-27,30.26,30.67,28.4,28.93,29.83,-0.9,-3.02,306363.95,909444.916,2023-08-01
002282.SZ,2017-11-27,14.98,15.83,14.8,15.24,14.77,0.47,3.18,52523.4,80363.45,2023-08-01
002283.SZ,2017-11-27,5.92,5.93,5.78,5.78,5.91,-0.13,-2.2,50488.65,29523.117,2023-08-01
002284.SZ,2017-11-27,9.7,9.8,9.45,9.47,9.7,-0.23,-2.37,67361.51,64919.355,2023-08-01
002338.SZ,2017-11-27,16.96,17.14,16.4,16.46,16.97,-0.51,-3.01,17500.14,29372.509,2023-08-01
002339.SZ,2017-11-27,9.87,9.9,9.6,9.64,9.85,-0.21,-2.13,39027.1,38059.992,2023-08-01
002340.SZ,2017-11-27,7.22,7.3,7.02,7.04,7.25,-0.21,-2.9,781001.85,559991.191,2023-08-01
002341.SZ,2017-11-27,24.99,24.99,23.31,23.88,24.4,-0.52,-2.13,69393.54,164755.646,2023-08-01
002342.SZ,2017-11-27,6.37,6.63,6.33,6.48,6.35,0.13,2.05,213395.79,138946.628,2023-08-01
002343.SZ,2017-11-27,33.31,34.6,32.7,34.21,32.93,1.28,3.89,41796.63,142087.745,2023-08-01
002345.SZ,2017-11-27,11.4,11.42,11.13,11.16,11.39,-0.23,-2.02,40941.16,46169.324,2023-08-01
002346.SZ,2017-11-27,22.11,23.24,22.11,22.34,22.7,-0.36,-1.59,30072.87,68102.508,2023-08-01
002347.SZ,2017-11-27,6.34,6.38,6.29,6.32,6.37,-0.05,-0.78,19483.0,12340.592,2023-08-01
002348.SZ,2017-11-27,6.51,6.55,6.28,6.29,6.51,-0.22,-3.38,38400.0,24663.819,2023-08-01
002349.SZ,2017-11-27,8.18,8.26,8.0,8.05,8.17,-0.12,-1.47,19199.0,15580.994,2023-08-01
002350.SZ,2017-11-27,9.86,10.22,9.71,9.93,9.81,0.12,1.22,76669.77,76903.904,2023-08-01
002351.SZ,2017-11-27,8.93,8.97,8.83,8.86,8.93,-0.07,-0.78,21228.0,18899.033,2023-08-01
002510.SZ,2017-11-27,6.7,6.7,6.56,6.58,6.63,-0.05,-0.75,129112.0,85601.32,2023-08-01
002511.SZ,2017-11-27,14.67,14.74,14.31,14.47,14.63,-0.16,-1.09,32276.39,46812.028,2023-08-01
002512.SZ,2017-11-27,20.39,20.4,20.28,20.39,20.36,0.03,0.15,48607.66,98885.781,2023-08-01
002513.SZ,2017-11-27,10.19,10.31,10.13,10.14,10.23,-0.09,-0.88,9346.92,9539.813,2023-08-01
002514.SZ,2017-11-27,8.56,8.68,8.49,8.57,8.85,-0.28,-3.16,12853.0,11036.15,2023-08-01
002515.SZ,2017-11-27,8.41,8.41,8.08,8.1,8.41,-0.31,-3.69,37180.57,30496.602,2023-08-01
002516.SZ,2017-11-27,5.47,5.47,5.27,5.28,5.44,-0.16,-2.94,82231.0,44129.366,2023-08-01
002517.SZ,2017-11-27,23.7,23.88,23.11,23.32,23.5,-0.18,-0.77,119808.31,280951.337,2023-08-01
002518.SZ,2017-11-27,16.6,16.83,16.1,16.31,16.56,-0.25,-1.51,45730.2,75344.912,2023-08-01
002519.SZ,2017-11-27,6.6,6.6,6.39,6.42,6.55,-0.13,-1.98,24613.5,16003.767,2023-08-01
002636.SZ,2017-11-27,16.98,17.0,16.11,16.29,17.0,-0.71,-4.18,74974.09,123948.529,2023-08-01
002637.SZ,2017-11-27,12.06,12.17,11.94,12.08,12.01,0.07,0.58,22820.44,27415.44,2023-08-01
002638.SZ,2017-11-27,5.43,5.68,5.27,5.64,5.5,0.14,2.55,406121.05,220665.21,2023-08-01
002639.SZ,2017-11-27,8.47,8.5,8.23,8.29,8.35,-0.06,-0.72,34855.68,29001.81,2023-08-01
002640.SZ,2017-11-27,18.28,18.9,18.18,18.79,18.29,0.5,2.73,81762.4,151616.64,2023-08-01
002641.SZ,2017-11-27,4.43,4.46,4.41,4.43,4.42,0.01,0.23,7864.66,3488.953,2023-08-01
002642.SZ,2017-11-27,13.1,13.49,13.0,13.16,13.15,0.01,0.08,58654.58,77741.376,2023-08-01
002643.SZ,2017-11-27,11.2,11.34,11.08,11.14,11.11,0.03,0.27,65626.79,73510.087,2023-08-01
002644.SZ,2017-11-27,9.98,10.0,9.9,9.9,10.01,-0.11,-1.1,14971.0,14891.137,2023-08-01
002645.SZ,2017-11-27,19.71,20.16,19.5,19.78,20.07,-0.29,-1.44,10546.27,20863.23,2023-08-01
002646.SZ,2017-11-27,15.99,16.02,15.73,15.73,16.02,-0.29,-1.81,8907.79,14127.632,2023-08-01
002647.SZ,2017-11-27,32.7,33.0,32.23,32.8,32.95,-0.15,-0.46,2103.94,6871.338,2023-08-01
002648.SZ,2017-11-27,14.14,14.57,14.1,14.15,14.17,-0.02,-0.14,58196.06,83694.087,2023-08-01
603111.SH,2017-11-27,15.54,15.76,15.22,15.48,15.46,0.02,0.13,85107.91,131726.129,2023-08-01
603113.SH,2017-11-27,22.54,22.63,22.0,22.07,22.51,-0.44,-1.95,24581.46,54851.231,2023-08-01
603116.SH,2017-11-27,15.87,15.97,15.84,15.85,15.92,-0.07,-0.44,8750.41,13928.728,2023-08-01
603117.SH,2017-11-27,10.1,10.12,9.91,9.93,10.14,-0.21,-2.07,12644.3,12662.021,2023-08-01
603118.SH,2017-11-27,9.21,9.21,8.91,8.97,9.24,-0.27,-2.92,61099.78,55109.744,2023-08-01
603123.SH,2017-11-27,7.72,7.72,7.57,7.63,7.74,-0.11,-1.42,14649.09,11175.526,2023-08-01
603126.SH,2017-11-27,10.23,10.54,10.16,10.3,10.19,0.11,1.08,81097.71,84127.916,2023-08-01
603128.SH,2017-11-27,9.08,9.35,9.01,9.17,9.11,0.06,0.66,148252.76,136182.634,2023-08-01
603131.SH,2017-11-27,21.5,21.98,21.18,21.33,21.52,-0.19,-0.88,10851.28,23490.148,2023-08-01
603186.SH,2017-11-27,26.46,26.59,25.0,25.33,26.46,-1.13,-4.27,7851.0,20307.677,2023-08-01
603188.SH,2017-11-27,16.74,16.77,16.49,16.52,16.68,-0.16,-0.96,17472.68,28993.578,2023-08-01
603198.SH,2017-11-27,17.46,17.49,17.13,17.24,17.41,-0.17,-0.98,14408.93,24919.458,2023-08-01
603199.SH,2017-11-27,29.79,30.18,29.61,30.07,29.89,0.18,0.6,4582.85,13678.984,2023-08-01
603218.SH,2017-11-27,25.01,25.06,24.39,24.45,25.04,-0.59,-2.36,8585.8,21166.619,2023-08-01
603222.SH,2017-11-27,15.77,16.15,15.65,15.99,15.86,0.13,0.82,9837.0,15740.752,2023-08-01
603223.SH,2017-11-27,24.21,25.05,24.15,24.7,24.21,0.49,2.02,6947.99,17204.659,2023-08-01
603225.SH,2017-11-27,33.76,33.95,33.16,33.74,33.76,-0.02,-0.06,13885.74,46735.796,2023-08-01
603226.SH,2017-11-27,31.57,31.65,30.59,30.6,31.74,-1.14,-3.59,6505.0,20265.665,2023-08-01
603519.SH,2017-11-27,22.68,23.19,22.0,23.17,22.61,0.56,2.48,20253.73,45211.417,2023-08-01
603528.SH,2017-11-27,10.07,10.07,9.91,10.0,10.04,-0.04,-0.4,19257.0,19237.023,2023-08-01
603555.SH,2017-11-27,17.7,18.4,17.52,18.06,17.8,0.26,1.46,21302.4,38382.991,2023-08-01
603556.SH,2017-11-27,37.85,37.85,37.28,37.5,37.66,-0.16,-0.42,3398.0,12765.022,2023-08-01
603558.SH,2017-11-27,13.41,13.41,13.01,13.05,13.41,-0.36,-2.68,7504.25,9897.285,2023-08-01
603669.SH,2017-11-27,20.24,20.31,20.0,20.05,20.22,-0.17,-0.84,5493.4,11032.468,2023-08-01
603676.SH,2017-11-27,12.84,12.98,12.49,12.51,12.84,-0.33,-2.57,15677.88,19908.942,2023-08-01
603678.SH,2017-11-27,26.33,26.48,25.83,25.84,26.34,-0.5,-1.9,9482.5,24771.809,2023-08-01
603686.SH,2017-11-27,28.41,28.8,27.75,27.86,28.38,-0.52,-1.83,13353.0,37580.825,2023-08-01
603688.SH,2017-11-27,17.54,17.6,16.31,16.39,17.44,-1.05,-6.02,44935.29,76205.815,2023-08-01
603696.SH,2017-11-27,38.48,39.15,38.32,38.91,38.88,0.03,0.08,1491.96,5794.08,2023-08-01
603698.SH,2017-11-27,21.3,21.43,20.9,20.91,21.09,-0.18,-0.85,6647.63,14070.131,2023-08-01
603699.SH,2017-11-27,18.39,18.43,18.14,18.25,18.44,-0.19,-1.03,20623.83,37669.889,2023-08-01
603701.SH,2017-11-27,19.41,19.62,19.28,19.33,19.43,-0.1,-0.51,7580.6,14719.38,2023-08-01
600333.SH,2017-11-27,6.51,6.56,6.29,6.31,6.61,-0.3,-4.54,46092.41,29739.21,2023-08-01
600335.SH,2017-11-27,11.28,11.68,11.23,11.56,11.28,0.28,2.48,55278.63,63747.947,2023-08-01
600336.SH,2017-11-27,5.03,5.04,4.96,4.97,5.03,-0.06,-1.19,22864.42,11406.603,2023-08-01
600337.SH,2017-11-27,5.76,5.76,5.5,5.54,5.71,-0.17,-2.98,49296.7,27536.191,2023-08-01
600339.SH,2017-11-27,5.75,5.85,5.73,5.76,5.8,-0.04,-0.69,26812.41,15492.489,2023-08-01
600340.SH,2017-11-27,31.6,32.21,31.43,31.9,31.78,0.12,0.38,163798.25,521457.715,2023-08-01
600343.SH,2017-11-27,13.45,13.83,13.35,13.5,13.54,-0.04,-0.3,28671.28,38768.759,2023-08-01
600345.SH,2017-11-27,31.48,31.48,28.44,28.44,31.6,-3.16,-10.0,208302.72,615547.852,2023-08-01
600346.SH,2017-11-27,10.2,10.41,10.11,10.14,10.16,-0.02,-0.2,95824.54,98058.594,2023-08-01
600348.SH,2017-11-27,7.07,7.13,6.97,7.0,7.05,-0.05,-0.71,216260.9,152679.478,2023-08-01
600350.SH,2017-11-27,6.24,6.34,6.09,6.25,6.29,-0.04,-0.64,295604.22,183101.776,2023-08-01
600351.SH,2017-11-27,7.39,7.49,7.34,7.36,7.37,-0.01,-0.14,22981.05,17041.522,2023-08-01
600352.SH,2017-11-27,10.61,10.76,10.28,10.33,10.67,-0.34,-3.19,462589.17,485989.935,2023-08-01
600353.SH,2017-11-27,6.11,6.15,6.0,6.03,6.11,-0.08,-1.31,27027.91,16387.877,2023-08-01
600127.SH,2017-11-27,4.55,4.57,4.5,4.51,4.56,-0.05,-1.1,30608.37,13855.432,2023-08-01
600128.SH,2017-11-27,9.82,9.82,9.61,9.63,9.83,-0.2,-2.03,9571.01,9267.618,2023-08-01
600129.SH,2017-11-27,16.51,16.58,15.71,15.86,16.51,-0.65,-3.94,19445.58,31212.21,2023-08-01
600130.SH,2017-11-27,5.42,5.42,5.24,5.25,5.41,-0.16,-2.96,65219.01,34603.69,2023-08-01
600131.SH,2017-11-27,7.06,7.16,7.02,7.15,7.1,0.05,0.7,15672.0,11102.958,2023-08-01
600132.SH,2017-11-27,18.36,18.54,18.36,18.4,18.4,0.0,0.0,27636.8,50933.745,2023-08-01
600133.SH,2017-11-27,9.6,9.84,9.59,9.73,9.6,0.13,1.35,100518.45,97763.128,2023-08-01
600135.SH,2017-11-27,12.2,12.4,12.08,12.16,12.15,0.01,0.08,39839.2,48731.939,2023-08-01
600136.SH,2017-11-27,12.51,12.77,11.99,12.52,12.56,-0.04,-0.32,26555.31,32968.488,2023-08-01
600137.SH,2017-11-27,41.22,45.6,41.22,44.5,42.58,1.92,4.51,26896.1,116018.667,2023-08-01
600139.SH,2017-11-27,7.01,7.18,6.85,6.87,7.06,-0.19,-2.69,104604.66,73408.777,2023-08-01
600141.SH,2017-11-27,16.7,17.2,16.5,16.72,16.8,-0.08,-0.48,55644.97,93939.054,2023-08-01
600143.SH,2017-11-27,5.57,5.75,5.57,5.64,5.62,0.02,0.36,103608.69,58708.033,2023-08-01
600148.SH,2017-11-27,23.72,24.4,23.7,23.96,23.96,0.0,0.0,17163.01,41314.238,2023-08-01
600149.SH,2017-11-27,10.65,11.03,10.6,10.79,10.71,0.08,0.75,35194.86,38126.913,2023-08-01
601009.SH,2017-11-27,8.16,8.24,8.12,8.22,8.22,0.0,0.0,547526.32,448200.819,2023-08-01
601010.SH,2017-11-27,4.0,4.03,3.98,3.99,4.0,-0.01,-0.25,32242.5,12904.807,2023-08-01
601011.SH,2017-11-27,9.51,9.67,9.22,9.26,9.64,-0.38,-3.94,392948.0,371416.028,2023-08-01
601012.SH,2017-11-27,35.93,36.89,34.01,35.02,35.96,-0.94,-2.61,463864.29,1639236.585,2023-08-01
601015.SH,2017-11-27,10.77,11.05,10.11,10.26,10.94,-0.68,-6.22,254768.32,269689.586,2023-08-01
601016.SH,2017-11-27,3.57,3.59,3.54,3.57,3.56,0.01,0.28,79261.23,28269.742,2023-08-01
601018.SH,2017-11-27,5.65,5.74,5.63,5.71,5.7,0.01,0.18,195216.71,111184.612,2023-08-01
603856.SH,2017-11-27,21.68,22.15,21.01,21.05,21.94,-0.89,-4.06,67293.67,144446.807,2023-08-01
601020.SH,2017-11-27,20.25,20.98,20.22,20.4,20.45,-0.05,-0.24,25358.83,52133.504,2023-08-01
601021.SH,2017-11-27,41.53,41.6,37.65,37.78,41.71,-3.93,-9.42,77232.14,301964.352,2023-08-01
601028.SH,2017-11-27,9.38,9.49,9.28,9.37,9.37,0.0,0.0,17056.02,16008.663,2023-08-01
601038.SH,2017-11-27,7.44,7.51,7.38,7.42,7.45,-0.03,-0.4,13524.99,10057.37,2023-08-01
601058.SH,2017-11-27,3.35,3.41,3.35,3.38,3.33,0.05,1.5,127867.36,43336.819,2023-08-01
601069.SH,2017-11-27,13.88,13.97,13.73,13.82,13.98,-0.16,-1.14,35398.55,48922.742,2023-08-01
601088.SH,2017-11-27,22.87,23.2,22.5,23.08,23.05,0.03,0.13,381835.09,876949.324,2023-08-01
601098.SH,2017-11-27,13.65,13.9,13.44,13.86,13.66,0.2,1.46,75968.5,104527.428,2023-08-01
601099.SH,2017-11-27,3.73,3.76,3.7,3.72,3.75,-0.03,-0.8,370604.39,138023.968,2023-08-01
601100.SH,2017-11-27,24.6,25.29,23.6,24.23,24.93,-0.7,-2.81,43488.0,106611.378,2023-08-01
601101.SH,2017-11-27,8.0,8.15,7.91,7.93,7.95,-0.02,-0.25,142064.22,114148.632,2023-08-01
601106.SH,2017-11-27,3.55,3.56,3.49,3.51,3.55,-0.04,-1.13,95275.76,33560.176,2023-08-01
601107.SH,2017-11-27,4.3,4.32,4.27,4.28,4.3,-0.02,-0.47,28216.0,12092.994,2023-08-01
601877.SH,2017-11-27,25.82,25.88,24.35,24.58,25.86,-1.28,-4.95,136143.08,339588.761,2023-08-01
601878.SH,2017-11-27,15.78,15.96,15.46,15.68,15.67,0.01,0.06,125069.3,196526.145,2023-08-01
601880.SH,2017-11-27,2.88,2.89,2.87,2.88,2.89,-0.01,-0.35,154503.67,44473.136,2023-08-01
601881.SH,2017-11-27,11.97,12.15,11.66,11.92,11.91,0.01,0.08,166871.78,198301.45,2023-08-01
601882.SH,2017-11-27,13.32,13.43,12.95,12.97,13.46,-0.49,-3.64,11334.8,14843.456,2023-08-01
601886.SH,2017-11-27,9.63,9.67,9.48,9.55,9.66,-0.11,-1.14,19251.9,18457.383,2023-08-01
601888.SH,2017-11-27,41.09,41.11,38.3,38.57,41.05,-2.48,-6.04,189609.61,743180.365,2023-08-01
601890.SH,2017-11-27,6.67,6.71,6.53,6.6,6.67,-0.07,-1.05,38519.17,25531.593,2023-08-01
601898.SH,2017-11-27,5.73,5.81,5.71,5.75,5.74,0.01,0.17,123388.93,71175.32,2023-08-01
601899.SH,2017-11-27,3.82,3.89,3.78,3.84,3.83,0.01,0.26,1964405.75,758262.111,2023-08-01
601900.SH,2017-11-27,13.07,13.07,12.71,12.84,13.08,-0.24,-1.83,31885.97,41035.565,2023-08-01
601901.SH,2017-11-27,7.91,8.06,7.83,7.86,7.97,-0.11,-1.38,188612.21,149444.7,2023-08-01
601908.SH,2017-11-27,5.98,6.0,5.7,5.7,6.03,-0.33,-5.47,201136.0,117066.526,2023-08-01
601918.SH,2017-11-27,3.82,3.85,3.8,3.82,3.82,0.0,0.0,100157.2,38293.052,2023-08-01
601919.SH,2017-11-27,6.29,6.36,6.1,6.11,6.26,-0.15,-2.4,223045.74,139030.506,2023-08-01
601928.SH,2017-11-27,8.29,8.32,8.23,8.28,8.31,-0.03,-0.36,42694.13,35332.829,2023-08-01
600863.SH,2017-11-27,2.99,2.99,2.95,2.97,2.99,-0.02,-0.67,95083.01,28270.763,2023-08-01
600864.SH,2017-11-27,7.4,7.41,7.3,7.35,7.4,-0.05,-0.68,47482.38,34943.838,2023-08-01
600865.SH,2017-11-27,9.02,9.09,8.68,8.69,9.16,-0.47,-5.13,37211.02,33149.957,2023-08-01
600866.SH,2017-11-27,4.69,4.83,4.62,4.76,4.68,0.08,1.71,26444.74,12458.097,2023-08-01
600867.SH,2017-11-27,22.57,22.75,21.78,21.87,22.54,-0.67,-2.97,103061.66,228658.292,2023-08-01
600868.SH,2017-11-27,4.12,4.16,4.1,4.12,4.14,-0.02,-0.48,123469.0,50985.019,2023-08-01
600869.SH,2017-11-27,6.39,6.39,6.0,6.12,6.39,-0.27,-4.23,130055.62,79579.31,2023-08-01
600872.SH,2017-11-27,21.75,21.9,20.9,21.28,21.75,-0.47,-2.16,62470.71,133808.16,2023-08-01
600873.SH,2017-11-27,5.71,5.74,5.65,5.66,5.73,-0.07,-1.22,139472.94,79526.323,2023-08-01
600874.SH,2017-11-27,12.96,13.55,12.94,13.18,12.96,0.22,1.7,205402.61,272538.845,2023-08-01
600875.SH,2017-11-27,10.47,10.63,10.36,10.46,10.48,-0.02,-0.19,128175.69,134723.242,2023-08-01
600876.SH,2017-11-27,19.58,19.77,19.15,19.3,19.62,-0.32,-1.63,29697.61,57958.29,2023-08-01
600007.SH,2017-11-27,17.2,17.39,16.92,17.21,17.21,0.0,0.0,3651.36,6290.845,2023-08-01
600008.SH,2017-11-27,5.43,5.54,5.39,5.44,5.44,0.0,0.0,586016.03,320766.7,2023-08-01
600009.SH,2017-11-27,43.21,43.5,41.8,42.7,43.68,-0.98,-2.24,120564.0,512032.405,2023-08-01
600010.SH,2017-11-27,2.56,2.58,2.52,2.53,2.57,-0.04,-1.56,724882.88,185214.761,2023-08-01
600011.SH,2017-11-27,6.38,6.4,6.29,6.39,6.4,-0.01,-0.16,133646.7,84812.246,2023-08-01
600012.SH,2017-11-27,13.17,13.2,13.0,13.02,13.15,-0.13,-0.99,16163.99,21093.756,2023-08-01
600015.SH,2017-11-27,9.35,9.39,9.23,9.38,9.38,0.0,0.0,455410.15,424465.92,2023-08-01
600016.SH,2017-11-27,9.02,9.21,8.95,9.11,9.1,0.01,0.11,2241654.29,2035185.389,2023-08-01
600017.SH,2017-11-27,3.93,3.97,3.89,3.94,3.95,-0.01,-0.25,126299.36,49629.372,2023-08-01
600018.SH,2017-11-27,7.43,7.59,7.32,7.46,7.44,0.02,0.27,427522.57,318388.148,2023-08-01
600019.SH,2017-11-27,9.0,9.13,8.66,8.91,8.9,0.01,0.11,1358692.94,1206431.637,2023-08-01
600020.SH,2017-11-27,5.0,5.04,4.95,4.97,5.01,-0.04,-0.8,84840.45,42403.257,2023-08-01
600021.SH,2017-11-27,9.99,10.06,9.84,9.91,9.97,-0.06,-0.6,33523.97,33254.971,2023-08-01
600022.SH,2017-11-27,2.17,2.21,2.16,2.18,2.17,0.01,0.46,890051.94,194436.136,2023-08-01
000948.SZ,2017-11-27,10.26,10.44,10.24,10.25,10.34,-0.09,-0.87,8823.01,9084.97,2023-08-01
000949.SZ,2017-11-27,3.97,4.1,3.97,4.09,3.98,0.11,2.76,79245.27,32207.143,2023-08-01
000951.SZ,2017-11-27,16.18,16.52,15.98,16.11,16.21,-0.1,-0.62,69633.69,113280.192,2023-08-01
000952.SZ,2017-11-27,14.3,14.5,14.24,14.32,14.24,0.08,0.56,20171.45,28956.703,2023-08-01
000953.SZ,2017-11-27,8.9,8.9,8.9,8.9,9.37,-0.47,-5.02,438.0,389.82,2023-08-01
000955.SZ,2017-11-27,6.23,6.33,6.18,6.25,6.23,0.02,0.32,25761.78,16161.267,2023-08-01
000957.SZ,2017-11-27,10.54,10.92,10.51,10.65,10.6,0.05,0.47,58637.22,62865.838,2023-08-01
000958.SZ,2017-11-27,5.5,5.6,5.46,5.53,5.5,0.03,0.55,90391.31,50165.691,2023-08-01
000959.SZ,2017-11-27,6.2,6.27,6.13,6.18,6.2,-0.02,-0.32,61007.44,37958.979,2023-08-01
000960.SZ,2017-11-27,12.87,13.07,12.66,12.67,12.95,-0.28,-2.16,122594.49,157991.596,2023-08-01
000961.SZ,2017-11-27,6.11,6.14,6.06,6.07,6.1,-0.03,-0.49,82766.12,50566.75,2023-08-01
000962.SZ,2017-11-27,8.28,8.42,8.25,8.33,8.33,0.0,0.0,29410.58,24595.751,2023-08-01
000963.SZ,2017-11-27,51.94,51.94,50.65,51.0,52.51,-1.51,-2.88,39433.76,201229.953,2023-08-01
000610.SZ,2017-11-27,12.7,12.78,12.64,12.72,12.72,0.0,0.0,6250.1,7939.671,2023-08-01
000611.SZ,2017-11-27,7.12,7.25,7.03,7.03,7.16,-0.13,-1.82,12050.0,8570.17,2023-08-01
000612.SZ,2017-11-27,9.83,9.97,9.62,9.63,9.85,-0.22,-2.23,39814.58,39000.659,2023-08-01
000613.SZ,2017-11-27,8.28,8.37,8.11,8.13,8.28,-0.15,-1.81,17438.0,14368.073,2023-08-01
000615.SZ,2017-11-27,9.73,10.46,9.61,10.46,9.51,0.95,9.99,243439.74,251901.329,2023-08-01
000616.SZ,2017-11-27,3.7,3.71,3.65,3.65,3.7,-0.05,-1.35,76017.32,27956.35,2023-08-01
000617.SZ,2017-11-27,14.75,14.75,14.23,14.3,14.37,-0.07,-0.49,10743.46,15454.386,2023-08-01
000619.SZ,2017-11-27,7.85,7.86,7.77,7.81,7.86,-0.05,-0.64,9936.33,7772.322,2023-08-01
000620.SZ,2017-11-27,6.01,6.03,5.95,5.95,6.04,-0.09,-1.49,16769.08,10058.915,2023-08-01
000622.SZ,2017-11-27,5.32,5.35,5.25,5.25,5.34,-0.09,-1.69,11823.79,6237.78,2023-08-01
000623.SZ,2017-11-27,23.41,23.49,23.11,23.3,23.55,-0.25,-1.06,142097.5,330993.021,2023-08-01
000625.SZ,2017-11-27,13.21,13.35,13.2,13.3,13.28,0.02,0.15,180743.0,239851.164,2023-08-01
000626.SZ,2017-11-27,12.71,12.77,12.39,12.45,12.58,-0.13,-1.03,24131.17,30408.278,2023-08-01
000627.SZ,2017-11-27,9.6,9.66,9.22,9.25,9.7,-0.45,-4.64,378816.84,356741.962,2023-08-01
000628.SZ,2017-11-27,9.1,9.25,8.71,8.82,9.01,-0.19,-2.11,17707.68,15701.842,2023-08-01
000980.SZ,2017-11-27,12.89,13.04,12.6,12.67,13.01,-0.34,-2.61,113853.14,146127.622,2023-08-01
000981.SZ,2017-11-27,9.3,9.3,9.03,9.03,9.23,-0.2,-2.17,38963.0,35640.719,2023-08-01
000982.SZ,2017-11-27,2.89,3.05,2.86,3.05,2.9,0.15,5.17,215132.76,64914.995,2023-08-01
000983.SZ,2017-11-27,9.58,9.65,9.37,9.52,9.53,-0.01,-0.1,560874.69,535526.197,2023-08-01
000985.SZ,2017-11-27,21.61,22.0,21.36,21.61,21.8,-0.19,-0.87,14640.0,31672.049,2023-08-01
000987.SZ,2017-11-27,11.18,11.29,11.03,11.16,11.16,0.0,0.0,35055.5,39150.069,2023-08-01
000988.SZ,2017-11-27,17.29,17.52,16.88,17.06,17.38,-0.32,-1.84,188188.59,322845.763,2023-08-01
000989.SZ,2017-11-27,18.78,18.88,18.5,18.8,18.96,-0.16,-0.84,17277.71,32246.993,2023-08-01
000990.SZ,2017-11-27,16.15,16.39,16.14,16.25,16.21,0.04,0.25,14643.14,23825.926,2023-08-01
000993.SZ,2017-11-27,8.16,8.24,8.07,8.14,8.15,-0.01,-0.12,20131.0,16463.214,2023-08-01
000996.SZ,2017-11-27,14.95,14.95,14.57,14.7,15.12,-0.42,-2.78,152640.05,225294.905,2023-08-01
000997.SZ,2017-11-27,18.35,18.43,17.93,17.98,18.32,-0.34,-1.86,81983.86,149387.364,2023-08-01
603127.SH,2017-11-27,55.0,55.3,52.25,52.33,54.66,-2.33,-4.26,14239.36,75780.428,2023-08-01
603878.SH,2017-11-27,19.19,19.4,19.17,19.23,19.23,0.0,0.0,8652.0,16690.321,2023-08-01
300701.SZ,2017-11-27,39.2,39.74,36.87,36.91,38.95,-2.04,-5.24,16415.73,62387.966,2023-08-01
603500.SH,2017-11-27,26.39,26.65,25.8,25.92,26.22,-0.3,-1.14,11236.56,29572.394,2023-08-01
603661.SH,2017-11-27,86.05,97.0,85.63,91.89,89.2,2.69,3.02,81169.4,750624.89,2023-08-01
603963.SH,2017-11-27,27.39,27.84,26.4,27.39,27.37,0.02,0.07,10601.42,29025.162,2023-08-01
603916.SH,2017-11-27,20.32,20.8,18.97,18.97,21.08,-2.11,-10.01,210450.86,415885.132,2023-08-01
603829.SH,2017-11-27,17.02,17.4,16.8,17.03,16.9,0.13,0.77,31510.81,53856.246,2023-08-01
000816.SZ,2017-11-27,3.85,3.9,3.81,3.83,3.83,0.0,0.0,176787.18,68053.832,2023-08-01
603717.SH,2017-11-27,33.36,35.14,32.6,33.0,33.05,-0.05,-0.15,83873.75,284103.076,2023-08-01
600860.SH,2017-11-27,6.63,6.76,6.6,6.72,6.7,0.02,0.3,4242.0,2836.632,2023-08-01
002427.SZ,2017-11-27,28.1,28.66,27.78,28.36,28.02,0.34,1.21,49319.49,139620.366,2023-08-01
603708.SH,2017-11-27,17.01,17.7,17.0,17.5,17.06,0.44,2.58,35192.2,61241.765,2023-08-01
603991.SH,2017-11-27,31.84,32.0,30.8,30.92,31.84,-0.92,-2.89,3223.0,10174.27,2023-08-01
600710.SH,2017-11-27,6.69,6.75,6.69,6.72,6.71,0.01,0.15,30033.53,20187.71,2023-08-01
603970.SH,2017-11-27,26.21,28.0,25.4,25.59,27.2,-1.61,-5.92,108268.12,286259.608,2023-08-01
603619.SH,2017-11-27,38.76,40.55,37.51,38.2,39.65,-1.45,-3.66,70619.73,274645.045,2023-08-01
603367.SH,2017-11-27,19.82,20.09,19.7,19.86,19.8,0.06,0.3,30854.74,61420.765,2023-08-01
603363.SH,2017-11-27,12.7,12.95,12.51,12.68,12.7,-0.02,-0.16,43685.91,55752.707,2023-08-01
603321.SH,2017-11-27,12.24,12.35,12.03,12.1,12.24,-0.14,-1.14,18844.87,22905.605,2023-08-01
603685.SH,2017-11-27,25.25,30.3,25.25,30.3,21.04,9.26,44.01,105.32,314.07,2023-08-01
603507.SH,2017-11-27,45.6,46.48,44.7,45.56,45.68,-0.12,-0.26,28315.47,129036.673,2023-08-01
603136.SH,2017-11-27,50.0,50.2,46.38,46.38,51.53,-5.15,-9.99,47650.04,227727.156,2023-08-01
600903.SH,2017-11-27,11.0,12.09,10.78,11.36,10.99,0.37,3.37,837133.69,961480.156,2023-08-01
603289.SH,2017-11-27,20.32,20.5,19.05,19.14,20.29,-1.15,-5.67,76930.14,150857.946,2023-08-01
603313.SH,2017-11-27,29.9,30.01,29.4,29.7,30.01,-0.31,-1.03,10788.83,32037.929,2023-08-01
001914.SZ,2017-11-27,10.3,10.35,10.17,10.29,10.3,-0.01,-0.1,17645.42,18100.755,2023-08-01
